[ 2.64972353  4.41620589  3.53296471  0.          0.          3.53296471
  2.64972353  0.88324118]
[-0.26402191 -0.26402191 -1.05608765 -0.26402191 -0.52804382 -0.
 -0.26402191 -0.         -0.26402191]
[ 0.          5.19689559  6.49611948  0.          0.          3.89767169
  0.          0.          0.          0.          2.59844779  0.          0.
  0.          0.          0.          0.          0.          0.          0.
  5.19689559  0.          6.49611948  0.          0.          0.          0.
  0.          0.          0.          0.          0.        ]
[-0. -0. -0. -0. -0. -0. -0. -0. -0. -0. -0. -0. -0. -0. -0. -0. -0. -0.
 -0. -0. -0. -0. -0. -0. -0. -0. -0. -0. -0. -0.]
[ 0.36632574  0.          0.45790718  0.          0.          0.36632574
  0.          0.          0.          0.          0.          0.
  0.27474431  0.          0.45790718  0.27474431  0.27474431  0.          0.
  0.          0.          0.27474431  0.36632574  0.          0.45790718
  0.          0.          0.          0.36632574  0.          0.          0.
  0.          0.          0.45790718  0.36632574  0.45790718  0.
  0.36632574  0.27474431  0.45790718  0.          0.27474431  0.27474431
  0.          0.          0.          0.          0.36632574  0.
  0.45790718  0.          0.          0.36632574  0.45790718  0.18316287
  0.          0.          0.36632574  0.45790718  0.45790718  0.          0.
  0.          0.36632574  0.45790718  0.45790718  0.          0.          0.
  0.          0.45790718  0.          0.          0.45790718  0.          0.
  0.          0.36632574  0.          0.36632574  0.          0.
  0.45790718  0.36632574  0.          0.          0.          0.27474431
  0.          0.45790718  0.          0.          0.45790718  0.
  0.45790718  0.45790718  0.          0.          0.45790718  0.45790718
  0.45790718  0.          0.          0.          0.45790718  0.          0.
  0.          0.          0.          0.45790718  0.36632574  0.45790718
  0.27474431  0.27474431  0.36632574  0.          0.27474431  0.36632574
  0.          0.          0.          0.          0.          0.36632574
  0.          0.          0.          0.          0.          0.          0.
  0.          0.36632574  0.          0.          0.          0.          0.
  0.          0.36632574  0.18316287  0.          0.          0.
  0.36632574  0.          0.          0.          0.          0.          0.
  0.27474431  0.          0.27474431  0.          0.          0.          0.
  0.          0.          0.          0.27474431  0.          0.36632574
  0.          0.          0.          0.          0.          0.          0.
  0.          0.          0.          0.          0.          0.          0.
  0.27474431  0.          0.36632574  0.          0.          0.          0.
  0.          0.          0.          0.          0.          0.          0.
  0.          0.          0.          0.          0.45790718  0.
  0.36632574  0.36632574  0.          0.          0.          0.36632574
  0.          0.27474431  0.          0.45790718  0.          0.          0.
  0.          0.          0.          0.          0.          0.          0.
  0.          0.          0.          0.          0.          0.          0.
  0.          0.          0.          0.          0.          0.          0.
  0.          0.          0.          0.          0.          0.45790718
  0.          0.45790718  0.          0.27474431  0.          0.
  0.27474431  0.36632574  0.27474431  0.          0.          0.          0.
  0.          0.36632574  0.          0.          0.          0.          0.
  0.          0.          0.          0.          0.          0.          0.
  0.          0.          0.          0.          0.          0.          0.
  0.          0.          0.36632574  0.          0.          0.          0.
  0.          0.          0.          0.          0.          0.          0.
  0.          0.          0.          0.          0.          0.
  0.27474431  0.45790718  0.45790718  0.          0.          0.          0.
  0.          0.          0.27474431  0.          0.          0.          0.
  0.          0.          0.          0.          0.          0.
  0.36632574  0.          0.          0.          0.36632574  0.          0.
  0.36632574  0.          0.          0.          0.          0.          0.
  0.          0.          0.          0.          0.          0.          0.
  0.          0.          0.          0.          0.          0.18316287
  0.          0.          0.          0.          0.36632574  0.
  0.36632574  0.          0.          0.          0.          0.
  0.27474431  0.36632574  0.18316287  0.          0.          0.
  0.36632574  0.          0.36632574  0.          0.27474431  0.27474431
  0.          0.          0.          0.          0.          0.          0.
  0.          0.          0.          0.          0.          0.          0.
  0.          0.          0.          0.          0.45790718  0.          0.
  0.          0.          0.          0.          0.          0.          0.
  0.          0.          0.          0.          0.          0.27474431
  0.          0.        ]
[-0. -0. -0. -0. -0. -0. -0. -0. -0. -0. -0. -0. -0. -0. -0. -0. -0. -0.
 -0. -0. -0. -0. -0. -0. -0. -0. -0. -0. -0. -0. -0. -0. -0. -0. -0. -0.
 -0. -0. -0. -0. -0. -0. -0. -0. -0. -0. -0. -0. -0. -0. -0. -0. -0. -0.
 -0. -0. -0. -0. -0. -0. -0. -0. -0. -0. -0. -0. -0. -0. -0. -0. -0. -0.
 -0. -0. -0. -0. -0. -0. -0. -0. -0. -0. -0. -0. -0. -0. -0. -0. -0. -0.
 -0. -0. -0. -0. -0. -0. -0. -0. -0. -0. -0. -0. -0. -0. -0. -0. -0. -0.
 -0. -0. -0. -0. -0. -0. -0. -0. -0. -0. -0. -0. -0. -0. -0. -0. -0. -0.
 -0. -0. -0. -0. -0. -0. -0. -0. -0. -0. -0. -0. -0. -0. -0. -0. -0. -0.
 -0. -0. -0. -0. -0. -0. -0. -0. -0. -0. -0. -0. -0. -0. -0. -0. -0. -0.
 -0. -0. -0. -0. -0. -0. -0. -0. -0. -0. -0. -0. -0. -0. -0. -0. -0. -0.
 -0. -0. -0. -0. -0. -0. -0. -0. -0. -0. -0. -0. -0. -0. -0. -0. -0. -0.
 -0. -0. -0. -0. -0. -0. -0. -0. -0. -0. -0. -0. -0. -0. -0. -0. -0. -0.
 -0. -0. -0. -0. -0. -0. -0. -0. -0. -0. -0. -0. -0. -0. -0. -0. -0. -0.
 -0. -0. -0. -0.]
[-0. -0. -0. -0. -0. -0. -0. -0. -0. -0. -0. -0. -0. -0. -0. -0. -0. -0.
 -0. -0. -0. -0. -0. -0. -0. -0. -0. -0. -0. -0. -0. -0. -0. -0. -0. -0.
 -0. -0. -0. -0. -0. -0. -0. -0. -0. -0. -0. -0. -0. -0. -0. -0. -0. -0.
 -0. -0. -0. -0. -0. -0. -0. -0. -0. -0. -0. -0. -0. -0. -0. -0. -0. -0.
 -0. -0. -0. -0. -0. -0. -0. -0. -0. -0. -0. -0. -0. -0. -0. -0. -0. -0.
 -0. -0. -0. -0. -0. -0. -0. -0. -0. -0. -0. -0. -0. -0. -0. -0. -0. -0.
 -0. -0. -0. -0. -0. -0. -0. -0. -0. -0. -0. -0. -0. -0. -0. -0. -0. -0.
 -0. -0. -0. -0. -0. -0. -0. -0. -0. -0. -0. -0. -0. -0. -0. -0. -0. -0.
 -0. -0. -0. -0. -0. -0. -0. -0. -0. -0. -0. -0. -0. -0. -0. -0. -0. -0.
 -0.]
[-1.14402587 -0.         -0.28600647 -0.57201294 -0.8580194  -0.         -0.
 -0.8580194  -0.8580194  -0.         -0.57201294 -0.         -0.28600647
 -0.         -0.28600647]
[ 12.92740281   0.          12.92740281  12.92740281  12.92740281
  12.92740281  10.34192225   0.           0.           0.           0.
  10.34192225  10.34192225  10.34192225  12.92740281   0.          10.34192225
  12.92740281  12.92740281   0.           0.           7.75644169
  10.34192225  10.34192225   0.          10.34192225  10.34192225
   7.75644169  12.92740281   0.           0.           0.          10.34192225
  10.34192225   7.75644169  10.34192225  10.34192225   0.           7.75644169
  10.34192225   7.75644169   7.75644169   0.           7.75644169   0.
   7.75644169   0.           0.          10.34192225  12.92740281
  12.92740281  10.34192225  10.34192225  12.92740281   0.           0.           0.
  12.92740281  12.92740281  12.92740281  12.92740281  12.92740281   0.           0.
   0.          12.92740281   0.           0.           0.           0.           0.
   0.           0.          10.34192225   0.           7.75644169
  10.34192225  12.92740281   7.75644169   0.          10.34192225   0.
  10.34192225  10.34192225  12.92740281  10.34192225  10.34192225   0.
  12.92740281  10.34192225  12.92740281   7.75644169  10.34192225   0.           0.
  12.92740281  10.34192225  10.34192225  12.92740281   0.          12.92740281
   0.           0.          10.34192225  10.34192225  10.34192225
  10.34192225  10.34192225  10.34192225   0.           0.           7.75644169
   0.          10.34192225   0.           0.          12.92740281   0.
  10.34192225  10.34192225  10.34192225   0.           0.           0.           0.
   0.           7.75644169  12.92740281  10.34192225   0.           0.           0.
   0.           0.           0.           0.          10.34192225   0.        ]
[ 0.18816664  0.09408332  0.14112498  0.09408332  0.04704166  0.14112498
  0.04704166  0.18816664  0.2352083   0.2352083   0.14112498  0.14112498
  0.09408332  0.09408332  0.14112498  0.18816664  0.04704166  0.04704166
  0.        ]
[-0.         -1.16108689 -1.16108689 -1.16108689 -0.         -1.16108689
 -0.69665214 -0.         -0.         -0.69665214 -1.16108689 -0.92886951
 -0.69665214 -0.92886951 -1.16108689 -1.16108689 -1.16108689 -0.
 -0.92886951 -0.         -0.69665214 -0.92886951 -0.69665214 -0.69665214
 -0.92886951 -0.         -0.         -0.         -0.69665214 -1.16108689
 -0.69665214 -1.16108689 -1.16108689 -1.16108689 -0.92886951 -1.16108689
 -1.16108689 -1.16108689 -0.         -0.         -0.         -0.        ]
[ 5.57969733  3.3478184   0.          4.46375786  0.          5.57969733
  0.          0.          0.          0.          5.57969733  4.46375786
  0.          5.57969733  5.57969733  5.57969733  0.          0.          0.
  0.          0.          0.          3.3478184   0.          0.          0.
  0.          0.          0.          5.57969733  5.57969733  0.
  4.46375786  3.3478184   0.          0.          0.        ]
[ 0.          2.92115948  0.          2.92115948  0.          2.92115948
  2.33692758  2.33692758  1.16846379  1.16846379  2.33692758  2.92115948
  0.5842319   2.92115948  1.16846379  0.          0.          0.          0.
  0.          0.          0.          0.          0.          0.          0.
  0.          0.          0.          0.          0.          0.        ]
[-0.73835543 -0.59068434 -0.59068434 -0.59068434 -0.44301326 -0.59068434
 -0.59068434 -0.         -0.         -0.73835543 -0.29534217 -0.        ]
[ 2.37216847  3.1628913   0.          0.          0.          0.          0.
  0.          0.          3.1628913   0.          0.        ]
[ 1.18787407  0.          1.5838321   0.          1.5838321   0.79191605
  0.          0.          0.79191605  0.39595802  0.39595802  0.
  0.39595802  1.97979012  0.          0.          0.          0.          0.
  0.          0.          0.          0.          0.          0.          0.
  0.          0.          0.          0.          0.          0.          0.
  0.          0.          0.          0.          0.          0.          0.
  0.          0.          0.          0.          0.          0.          0.
  0.          0.          0.          0.          0.39595802  0.          0.
  0.          0.          0.39595802  0.          0.          0.79191605
  1.5838321   0.79191605  1.18787407  0.79191605  0.          0.          0.
  0.          0.          0.79191605  0.          0.          0.          0.
  0.79191605  0.          0.          0.          0.          0.          0.
  0.          0.          0.          0.          0.          0.          0.
  0.          0.          0.          0.          0.          0.          0.
  0.          0.          0.          0.          0.          0.          0.
  0.          0.          0.          0.          0.          0.          0.
  0.          1.5838321   1.18787407  0.          0.          0.          0.
  0.          0.          0.39595802  0.          0.39595802  0.          0.
  0.          0.          0.          0.39595802  0.          0.          0.
  0.          1.18787407  0.39595802  0.79191605  0.39595802  0.39595802
  0.          1.5838321   1.18787407  0.79191605  0.39595802  0.
  1.18787407  0.79191605  0.79191605  0.39595802  0.          1.5838321
  1.5838321   0.79191605  0.          0.          0.          0.79191605
  0.39595802  0.39595802  0.          0.          0.          0.          0.
  0.          1.18787407  0.39595802  0.79191605  0.39595802  1.18787407
  1.18787407  0.39595802  0.39595802  0.79191605  0.          0.          0.
  0.          0.          0.          0.          0.          0.          0.
  0.          0.          1.18787407  0.          0.          0.          0.
  0.          0.          0.          0.          0.          0.          0.
  0.          1.5838321   1.18787407  0.79191605  0.          0.          0.
  0.          0.          0.          0.          0.          0.          0.
  0.          0.          0.          0.          0.          0.          0.
  0.79191605  0.39595802  0.          0.79191605  1.5838321   0.          0.
  0.          0.          0.          0.          0.          0.          0.
  0.          0.          0.          0.          0.          0.          0.
  0.          0.          0.          0.          0.          0.          0.
  0.          0.          1.5838321   0.          0.          0.
  1.18787407  0.          0.          1.18787407  0.          0.          0.
  0.          0.          0.          0.          1.18787407  0.          1.5838321
  0.          0.          0.          0.          1.18787407  0.
  0.79191605  0.          0.          0.          0.          0.          0.
  0.          0.          0.          0.          0.          0.          0.
  0.          0.          0.          0.          0.          0.
  0.39595802  0.          0.          0.          0.          0.79191605
  0.          0.          0.          0.          0.          0.          0.
  0.          0.          0.          0.          0.          0.          0.
  0.          1.18787407  0.          0.39595802  0.79191605  0.39595802
  1.18787407  0.39595802  0.          0.          1.18787407  0.
  0.79191605  0.39595802  0.39595802  0.39595802  0.79191605  0.          0.
  0.          0.          0.          1.18787407  0.39595802  0.39595802
  1.18787407  0.          1.18787407  0.39595802  0.          0.          0.
  0.          0.          0.79191605  0.39595802  0.39595802  0.39595802
  0.        ]
[-2.89333583 -0.         -0.         -2.17000187 -0.         -3.61666979
 -2.89333583 -2.89333583 -0.         -0.         -0.         -2.89333583
 -0.         -1.44666791 -0.         -0.         -0.         -2.89333583
 -0.         -2.17000187 -2.89333583 -0.         -3.61666979 -2.89333583
 -1.44666791 -0.         -3.61666979 -0.         -0.         -0.
 -2.89333583 -2.17000187 -2.17000187 -2.17000187 -2.17000187 -0.72333396
 -0.         -0.         -1.44666791 -1.44666791 -2.17000187 -2.17000187
 -2.17000187 -2.17000187 -0.         -2.17000187 -2.89333583 -2.17000187
 -2.89333583 -0.         -0.         -0.         -2.17000187 -0.         -0.
 -0.         -0.         -3.61666979 -0.         -2.17000187 -2.17000187
 -0.         -0.         -2.89333583 -0.         -0.         -2.17000187
 -2.89333583 -2.17000187 -2.17000187 -0.         -0.         -0.         -0.
 -0.         -2.17000187 -3.61666979 -2.89333583 -0.         -2.17000187
 -2.89333583 -2.17000187 -2.17000187 -2.17000187 -0.         -0.         -0.
 -2.17000187 -2.17000187 -2.17000187 -0.         -0.         -2.17000187
 -0.         -0.         -0.         -0.         -2.17000187 -0.
 -2.89333583 -1.44666791 -0.72333396 -0.         -2.17000187 -0.
 -1.44666791 -2.17000187 -1.44666791 -0.         -0.         -0.         -0.
 -0.         -0.         -0.         -0.         -0.         -0.         -0.
 -0.         -0.         -0.         -0.72333396 -0.         -0.         -0.
 -2.89333583 -0.         -0.         -0.         -0.         -0.         -0.
 -2.89333583 -0.         -0.         -2.17000187 -0.         -0.72333396
 -0.         -1.44666791 -0.         -0.         -0.         -0.
 -1.44666791 -0.         -0.         -0.         -2.17000187 -1.44666791
 -2.17000187 -0.         -1.44666791 -0.         -0.         -0.
 -2.17000187 -1.44666791 -0.         -2.89333583 -2.17000187 -0.         -0.
 -0.         -0.         -0.72333396 -1.44666791 -0.         -0.
 -2.17000187 -0.         -2.89333583 -0.         -2.89333583 -0.
 -2.17000187 -2.17000187 -0.         -0.         -0.         -0.         -0.
 -0.         -0.         -2.17000187 -0.         -0.         -0.
 -1.44666791 -0.         -1.44666791 -0.         -0.         -0.         -0.
 -0.72333396 -0.         -0.         -0.         -2.17000187 -2.17000187
 -2.17000187 -1.44666791 -1.44666791 -0.         -0.72333396 -1.44666791
 -3.61666979 -0.         -0.         -0.         -0.         -1.44666791
 -0.         -0.         -0.         -1.44666791 -2.17000187 -0.         -0.
 -0.         -0.         -0.         -0.         -0.         -2.17000187
 -0.         -0.         -0.         -0.         -0.         -2.17000187
 -0.         -0.         -0.         -0.         -0.         -0.         -0.
 -1.44666791 -2.89333583 -0.         -0.         -0.         -0.         -0.
 -0.         -0.         -0.         -0.         -0.         -0.         -0.
 -1.44666791 -0.         -0.         -0.         -0.         -0.
 -1.44666791 -2.17000187 -0.         -0.         -0.         -0.        ]
[ 5.22977901  1.74325967  0.          0.          0.          0.          0.
  5.22977901  0.          0.          5.22977901  0.          0.        ]
[ 4.81927613  3.6144571   4.81927613  6.02409517  6.02409517  0.
  4.81927613  2.40963807  4.81927613  2.40963807  1.20481903  4.81927613
  6.02409517  0.          0.          0.        ]
[ 0.13280836  0.          0.39842508  0.13280836  0.26561672  0.13280836
  0.39842508  0.39842508  0.26561672  0.39842508  0.13280836  0.13280836
  0.26561672  0.          0.          0.          0.          0.          0.        ]
[ 0.82052234  0.          2.05130584  1.64104467  2.05130584  2.05130584
  2.05130584  0.          1.64104467  0.          1.2307835   0.          0.
  0.          0.          0.          1.2307835   0.          2.05130584
  2.05130584  0.          2.05130584  0.          2.05130584  2.05130584
  0.          2.05130584  0.          2.05130584  0.          0.          0.
  2.05130584  2.05130584  0.          0.          0.          0.          0.
  0.          2.05130584  0.          0.          0.          0.        ]
[-0.70570236 -0.70570236 -0.         -0.         -0.         -0.70570236
 -0.23523412 -0.47046824 -0.23523412 -0.47046824 -0.         -0.47046824
 -0.47046824 -0.         -0.         -0.         -0.         -0.         -0.
 -0.         -0.94093648 -0.23523412 -0.         -0.         -0.70570236
 -0.23523412 -0.94093648 -0.         -0.47046824 -0.23523412 -0.
 -0.94093648 -0.         -0.47046824 -0.         -0.23523412 -0.23523412
 -0.23523412 -0.70570236 -0.23523412 -0.         -0.         -0.
 -0.23523412 -0.         -0.         -0.         -0.         -0.70570236
 -0.47046824 -0.23523412 -0.         -0.         -0.         -0.         -0.
 -0.         -0.         -0.         -0.         -0.         -0.94093648
 -0.94093648 -0.23523412 -0.         -0.         -0.23523412 -0.23523412
 -0.23523412]
[ 0.          0.          0.          0.          0.          0.
  0.13292946  0.13292946  0.13292946  0.          0.          0.09969709
  0.          0.13292946  0.          0.          0.09969709  0.16616182
  0.          0.          0.09969709  0.09969709  0.          0.13292946
  0.          0.09969709  0.09969709  0.13292946  0.13292946  0.13292946
  0.          0.          0.          0.          0.09969709  0.09969709
  0.          0.          0.          0.13292946  0.          0.
  0.13292946  0.          0.          0.        ]
[-0.54987885 -0.18329295 -0.54987885 -0.91646474 -0.         -0.54987885
 -0.         -0.         -0.         -0.         -0.18329295 -0.18329295
 -0.54987885 -0.7331718  -0.7331718  -0.         -0.3665859  -0.         -0.
 -0.         -0.         -0.18329295 -0.18329295 -0.         -0.18329295]
[ 1.89930691  0.          2.53240922  0.          0.          0.6331023   0.
  0.          0.          0.          0.          0.          0.          0.
  0.          0.          0.          1.89930691  1.26620461  1.26620461
  2.53240922  0.6331023   0.          0.          0.6331023   0.          0.
  0.          0.          0.          0.          0.          0.          0.
  0.          0.          0.          0.          0.          0.          0.
  0.          0.          0.          0.          0.          0.          0.
  2.53240922  0.          0.          0.          0.          0.          0.
  0.          0.          0.          0.          0.          0.6331023   0.
  0.          0.          0.          0.6331023   2.53240922  0.
  1.26620461  1.26620461  0.6331023   0.          0.          0.          0.
  0.6331023   1.26620461  0.6331023   1.26620461  1.89930691  0.          0.
  0.          0.          0.          0.          0.          1.26620461
  0.          0.6331023   0.          0.          0.          0.6331023   0.
  0.          0.          0.          0.          0.          1.26620461
  0.          0.          0.          0.          0.          0.          0.
  0.          0.          0.          0.          0.          0.          0.
  0.          1.89930691  0.          0.          0.          0.          0.
  0.          0.          1.89930691  0.6331023   0.          0.          0.
  1.26620461  0.6331023   0.6331023   0.6331023   0.          1.26620461
  1.26620461  0.          0.          0.          0.6331023 ]
[ 0.          5.10089535  4.08071628  0.          0.          0.
  5.10089535  0.          5.10089535  0.          3.06053721  0.
  4.08071628  4.08071628  4.08071628  0.          0.          2.04035814
  0.          0.          5.10089535  0.          0.          0.          0.
  0.          4.08071628  4.08071628  4.08071628  4.08071628  0.          0.
  0.          0.          0.          0.          0.          0.          0.
  0.          0.          0.          5.10089535  0.          0.          0.
  0.          0.          0.          0.          0.          0.          0.
  0.          0.          0.          0.          0.          0.
  4.08071628  0.          4.08071628  5.10089535  0.          0.          0.
  0.          0.          0.          0.        ]
[ 0.          0.65062543  0.21687514  0.21687514  0.21687514  0.65062543
  0.43375028  0.21687514  0.21687514  0.65062543  0.43375028  0.
  0.21687514  0.21687514  0.21687514  0.86750057  0.21687514  0.21687514]
[ 0.          0.          4.58296869  4.58296869  3.05531246  0.          0.
  3.05531246  3.05531246  0.          0.          4.58296869  0.          0.
  4.58296869  3.05531246  3.05531246  6.11062493  1.52765623  4.58296869
  3.05531246  6.11062493  4.58296869  0.          0.          0.          0.
  0.          0.          0.          0.          0.          0.        ]
[-0. -0. -0. -0. -0. -0. -0. -0. -0. -0. -0. -0. -0. -0. -0. -0. -0. -0.
 -0. -0. -0. -0. -0. -0. -0. -0. -0. -0. -0. -0. -0. -0. -0. -0. -0. -0.
 -0. -0. -0. -0. -0. -0. -0. -0. -0. -0. -0. -0. -0. -0. -0. -0. -0. -0.
 -0. -0. -0. -0. -0. -0. -0. -0. -0. -0. -0. -0. -0. -0. -0. -0. -0. -0.
 -0. -0. -0. -0. -0. -0. -0. -0. -0. -0. -0. -0. -0. -0. -0. -0. -0. -0.
 -0. -0. -0. -0. -0. -0. -0. -0. -0. -0. -0. -0. -0. -0. -0. -0. -0. -0.
 -0. -0. -0. -0. -0. -0. -0. -0. -0. -0. -0. -0. -0. -0. -0. -0. -0. -0.
 -0. -0. -0. -0. -0. -0. -0. -0. -0. -0. -0. -0. -0. -0. -0. -0. -0. -0.
 -0. -0. -0. -0. -0. -0. -0. -0. -0. -0. -0. -0. -0. -0. -0. -0. -0. -0.
 -0. -0. -0. -0. -0. -0. -0. -0. -0. -0. -0. -0. -0. -0. -0. -0. -0. -0.
 -0. -0. -0. -0. -0. -0. -0. -0. -0. -0. -0. -0. -0. -0. -0. -0. -0. -0.
 -0. -0. -0. -0. -0. -0. -0. -0. -0. -0. -0. -0. -0. -0. -0. -0. -0. -0.
 -0. -0. -0. -0. -0. -0. -0. -0. -0. -0. -0. -0. -0. -0. -0. -0. -0. -0.
 -0. -0. -0. -0. -0. -0. -0. -0. -0. -0. -0. -0. -0. -0. -0. -0. -0. -0.
 -0. -0. -0. -0. -0. -0. -0. -0. -0. -0. -0. -0. -0. -0. -0. -0. -0. -0.
 -0. -0. -0.]
[-1.92644582 -1.92644582 -2.40805727 -0.         -0.         -2.40805727
 -2.40805727 -2.40805727 -2.40805727 -2.40805727 -0.         -0.
 -2.40805727 -0.         -0.         -0.         -2.40805727 -0.         -0.
 -2.40805727 -1.44483436 -0.         -0.         -1.44483436 -0.         -0.
 -2.40805727 -1.44483436 -2.40805727 -0.         -0.         -0.         -0.
 -2.40805727 -0.         -2.40805727 -2.40805727 -0.         -2.40805727
 -1.92644582 -1.44483436 -0.         -0.        ]
[-2.19290168 -0.         -0.         -0.         -0.         -0.         -0.
 -1.75432134 -0.         -0.         -0.        ]
[-5.28906981 -4.23125584 -0.         -5.28906981 -5.28906981 -3.17344188
 -0.         -0.         -4.23125584 -0.         -3.17344188 -5.28906981
 -0.         -5.28906981 -5.28906981 -5.28906981 -0.         -0.         -0.
 -0.         -0.         -0.         -5.28906981 -0.         -0.         -0.
 -0.         -4.23125584 -0.         -2.11562792 -3.17344188 -0.
 -4.23125584 -0.         -0.         -2.11562792 -0.         -5.28906981
 -0.         -0.         -0.         -0.         -0.         -4.23125584]
[-0.         -0.         -0.         -0.         -0.         -0.         -0.
 -0.06836862 -0.06836862 -0.         -0.13673724 -0.         -0.13673724
 -0.06836862 -0.06836862 -0.13673724 -0.06836862 -0.         -0.         -0.
 -0.         -0.         -0.         -0.27347449 -0.20510587 -0.06836862
 -0.         -0.06836862]
[ 0.64696956  0.          0.32348478  0.          0.          0.          0.
  0.48522717  0.32348478  0.          0.          0.          0.          0.
  0.          0.          0.48522717  0.          0.48522717  0.48522717
  0.16174239  0.          0.          0.          0.          0.          0.
  0.        ]
[  0.           0.           0.           0.          13.48923427
  13.48923427   0.          10.79138742   0.           8.09354056   0.
  10.79138742   0.           0.           0.          13.48923427   0.           0.
   0.           0.           0.           0.          13.48923427   0.           0.
   0.           0.          10.79138742   0.           0.          10.79138742
   8.09354056   0.          10.79138742   0.           8.09354056   0.           0.
   0.          13.48923427  10.79138742  10.79138742   0.           0.           0.
   0.           0.           0.           0.           0.          10.79138742
   0.           0.           0.           8.09354056  10.79138742   0.
  10.79138742   0.           0.          13.48923427  10.79138742
   8.09354056   0.           0.           0.           0.          10.79138742
  10.79138742  10.79138742  10.79138742   0.           0.          13.48923427
   0.          10.79138742  10.79138742  10.79138742   0.          10.79138742
   0.          13.48923427   0.          10.79138742  10.79138742   0.           0.
   0.           0.          10.79138742   0.          13.48923427
  10.79138742  10.79138742   0.          10.79138742   0.          10.79138742
  10.79138742   0.          10.79138742   0.          10.79138742
   8.09354056   0.          10.79138742   0.          10.79138742
  10.79138742  10.79138742   0.           0.           0.           0.           0.
   0.           0.           0.           0.           0.           0.           0.
   0.           0.           0.           0.           0.           0.           0.
   0.           0.           0.           0.           0.          10.79138742
   0.           0.           0.           0.           0.          10.79138742
   0.           0.           0.           0.           0.           0.           0.
   0.          10.79138742   0.           0.          10.79138742   0.           0.
   0.           8.09354056   8.09354056   0.           8.09354056   0.           0.
   0.           0.          10.79138742  13.48923427  10.79138742   0.
  10.79138742   0.           0.           0.           0.           0.           0.
   0.           0.          13.48923427   0.           0.           0.           0.
  10.79138742   0.           0.           0.           0.           0.           0.
   0.           0.           0.           0.           0.           0.           0.
   0.           0.           0.           0.           8.09354056   0.           0.
   0.          10.79138742   0.           0.           0.           0.
  10.79138742  10.79138742   0.          10.79138742  10.79138742   0.
  10.79138742   0.           0.           0.           0.           0.           0.
   0.           0.          10.79138742   0.           0.           0.           0.
   5.39569371   0.           0.           0.           0.           0.           0.
   0.           0.           0.           0.           0.           0.           0.
   0.           0.           0.           0.           0.           0.           0.
   0.           0.           0.           0.           0.           0.           0.
   0.           0.           0.           0.           0.        ]
[ 1.79946354  0.          0.          0.          0.          0.          0.
  0.          0.          0.          0.          0.          1.79946354
  0.          2.39928472  0.          1.79946354  1.79946354  0.          0.
  0.          0.          0.          0.          0.          1.79946354
  2.9991059   0.          0.          2.9991059   0.          2.39928472
  0.          0.59982118  0.          0.          1.79946354  1.79946354
  0.          0.          0.          0.          0.          0.          0.
  0.          0.          0.          0.          0.59982118  1.19964236
  0.59982118  0.59982118  2.9991059   1.79946354  0.59982118  0.          0.
  0.          0.          0.          0.          0.          0.          0.
  0.          0.          0.          0.          0.          0.          0.
  0.          0.          0.          0.          0.          0.          0.
  0.          0.          0.          0.          0.          0.          0.
  0.          0.          0.          0.          0.          0.        ]
[-0.         -0.         -0.69737005 -0.69737005 -0.         -0.         -0.
 -0.41842203 -0.69737005 -0.55789604 -0.55789604 -0.55789604 -0.55789604
 -0.55789604 -0.         -0.55789604 -0.41842203 -0.69737005 -0.69737005
 -0.55789604 -0.69737005 -0.69737005 -0.         -0.27894802 -0.
 -0.69737005 -0.55789604 -0.         -0.55789604 -0.         -0.41842203
 -0.         -0.69737005 -0.69737005 -0.69737005 -0.55789604 -0.69737005
 -0.         -0.         -0.         -0.69737005 -0.55789604 -0.         -0.
 -0.69737005 -0.         -0.69737005 -0.69737005 -0.         -0.
 -0.27894802 -0.         -0.         -0.69737005 -0.41842203 -0.55789604
 -0.55789604 -0.         -0.41842203 -0.41842203 -0.69737005 -0.55789604
 -0.         -0.55789604 -0.69737005 -0.         -0.69737005 -0.
 -0.55789604 -0.         -0.         -0.         -0.         -0.55789604
 -0.         -0.69737005 -0.         -0.         -0.         -0.
 -0.69737005 -0.69737005 -0.         -0.         -0.         -0.69737005
 -0.55789604 -0.         -0.         -0.         -0.69737005 -0.55789604
 -0.69737005 -0.27894802 -0.41842203 -0.         -0.         -0.         -0.
 -0.41842203 -0.         -0.         -0.69737005 -0.69737005 -0.41842203
 -0.55789604 -0.         -0.         -0.         -0.69737005 -0.69737005
 -0.69737005 -0.55789604 -0.69737005 -0.69737005 -0.55789604 -0.69737005
 -0.55789604 -0.69737005 -0.55789604 -0.69737005 -0.69737005 -0.
 -0.69737005 -0.69737005 -0.55789604 -0.27894802 -0.         -0.
 -0.69737005 -0.         -0.41842203 -0.         -0.69737005 -0.
 -0.41842203 -0.         -0.69737005 -0.         -0.55789604 -0.         -0.
 -0.41842203 -0.         -0.69737005 -0.55789604 -0.55789604 -0.69737005
 -0.55789604 -0.55789604 -0.         -0.         -0.         -0.
 -0.41842203 -0.41842203 -0.         -0.         -0.         -0.55789604
 -0.41842203 -0.         -0.55789604 -0.         -0.69737005 -0.         -0.
 -0.         -0.55789604 -0.55789604 -0.         -0.         -0.
 -0.41842203 -0.27894802 -0.         -0.41842203 -0.55789604 -0.
 -0.41842203 -0.         -0.         -0.         -0.         -0.         -0.
 -0.69737005]
[-7.46244884 -0.         -0.         -0.         -7.46244884 -7.46244884
 -0.         -5.96995907 -4.4774693  -5.96995907 -0.         -5.96995907
 -4.4774693  -0.         -0.         -4.4774693  -0.         -5.96995907]
[ 1.68802111  1.68802111  4.22005277  4.22005277  0.          0.          0.
  0.          3.37604221  2.53203166  1.68802111  0.          1.68802111
  0.          0.          0.          1.68802111  0.84401055  4.22005277
  0.          0.        ]
[ 0.          0.          0.          6.90681584  4.60454389  0.          0.
  0.          6.90681584  0.          0.          0.          6.90681584
  0.          0.          0.          0.          0.          0.          0.
  0.          0.          0.          0.          0.          0.          0.
  0.        ]
[ 1.35542141  2.25903569  0.          0.90361428  0.90361428  0.
  1.35542141  0.          1.80722855  1.35542141]
[ 1.87979717  0.          0.          0.          1.50383774  0.          0.
  0.          0.          0.          0.          0.          0.          0.
  0.          0.          0.          0.          0.          1.87979717
  0.          0.          0.          0.          0.          0.
  1.87979717  1.87979717  0.          1.50383774  0.          0.          0.
  0.          0.          0.          0.          0.          0.          0.
  0.          1.50383774  0.          0.          0.          0.          0.
  0.          1.87979717  0.          0.          0.          0.          0.
  1.87979717  1.50383774  0.          0.          0.75191887  0.          1.1278783
  1.1278783   0.          0.          0.          0.          0.          0.
  0.          0.          1.50383774  0.          1.50383774  0.          0.
  0.          0.          0.37595943  1.1278783   0.          0.          0.
  1.1278783   1.1278783   1.50383774  0.          0.          0.          0.
  0.          0.          0.          0.37595943  0.          0.37595943
  0.          0.37595943  0.          0.          1.1278783 ]
[ 0.          0.          0.          4.85502192  0.          3.23668128
  1.61834064  0.          0.          0.        ]
[ 0.          3.69409341  3.69409341  0.          0.          2.95527473
  0.          2.95527473  3.69409341  2.21645605  1.47763736  0.        ]
[ 0.          0.          0.          0.          2.05425335  0.          0.
  0.          0.          2.05425335  0.          0.          0.          0.
  2.05425335  0.          0.          0.          0.          0.          0.
  0.          0.          0.          0.          0.          0.
  1.64340268  0.          0.          0.          1.64340268  1.64340268
  1.23255201  1.64340268  1.64340268  1.64340268  2.05425335  0.          0.
  0.          0.          0.          0.          0.          0.          0.
  0.          0.          0.          0.          0.          0.          0.
  0.          0.          0.          0.          0.          0.          0.
  0.          0.          0.          0.          0.          0.          0.
  0.          0.          0.          0.          0.          0.          0.
  0.          0.          0.          0.        ]
[ 0.14458343  0.14458343  0.57833371  0.57833371  0.14458343  0.28916686
  0.28916686  0.28916686  0.14458343  0.14458343  0.43375028  0.43375028
  0.28916686  0.14458343  0.14458343  0.14458343  0.43375028  0.
  0.14458343  0.14458343  0.        ]
[-0.46954362 -0.         -0.35215772 -0.58692953 -0.35215772 -0.         -0.
 -0.         -0.         -0.         -0.35215772 -0.46954362 -0.
 -0.35215772 -0.46954362 -0.46954362 -0.35215772 -0.         -0.46954362
 -0.58692953 -0.         -0.23477181 -0.         -0.         -0.         -0.
 -0.         -0.         -0.         -0.35215772 -0.         -0.         -0.
 -0.35215772 -0.46954362 -0.         -0.46954362 -0.         -0.         -0.
 -0.35215772 -0.         -0.         -0.35215772 -0.         -0.         -0.
 -0.23477181 -0.         -0.         -0.         -0.46954362 -0.         -0.
 -0.         -0.         -0.         -0.         -0.23477181 -0.35215772
 -0.         -0.35215772 -0.         -0.         -0.58692953 -0.
 -0.58692953 -0.         -0.         -0.35215772 -0.46954362 -0.35215772
 -0.         -0.         -0.46954362 -0.         -0.35215772 -0.         -0.
 -0.         -0.         -0.35215772 -0.         -0.         -0.         -0.        ]
[ 0.          1.91523692  0.95761846  0.47880923  1.43642769  2.39404615
  0.47880923  1.91523692  1.91523692  0.95761846  1.91523692  0.95761846
  1.43642769  1.43642769  0.47880923  0.95761846  0.95761846  2.39404615
  0.95761846  2.39404615  2.39404615  1.43642769]
[-0.         -0.         -6.58571397 -4.93928548 -0.         -8.23214246
 -0.         -0.         -0.         -8.23214246 -6.58571397 -6.58571397
 -0.         -0.         -0.         -0.         -0.         -0.
 -6.58571397 -6.58571397 -6.58571397 -8.23214246 -0.         -0.         -0.
 -0.         -0.         -0.         -0.         -0.         -0.         -0.
 -0.         -6.58571397 -0.         -0.         -0.         -0.         -0.
 -0.        ]
[ 0.          0.          0.          0.          0.          0.          0.
  0.          0.          0.          0.          0.          0.          0.
  0.          0.          0.          0.          0.          0.
  2.30607107  0.          0.          0.          1.53738072  0.          0.
  0.          0.          0.          0.          0.          0.          0.
  0.          0.          0.          0.          0.          0.          0.
  0.          0.          0.          2.30607107  3.84345179  0.          0.
  0.          0.          0.          0.          0.          0.          0.
  3.84345179  0.          3.84345179  0.          3.84345179  0.          0.
  0.          0.          0.          3.84345179  0.          0.
  2.30607107  0.          2.30607107  0.          0.          0.          0.
  0.          0.          0.          0.          0.          0.          0.
  0.          0.          0.          0.          0.          0.          0.
  0.          0.          0.          0.          0.          0.          0.
  0.          0.          0.          0.          0.          0.          0.
  0.          0.          0.          0.          0.          0.          0.
  0.          0.          0.          0.          0.          0.
  2.30607107  0.          0.          0.          0.          0.          0.
  0.          0.          0.          0.          3.07476143  2.30607107
  3.07476143  0.          0.          0.          0.          0.          0.
  0.          0.          0.          0.          0.          0.          0.
  0.          0.          0.          2.30607107  0.          0.
  3.07476143  0.          0.          0.          0.          3.84345179
  0.          0.          3.07476143  0.          0.          0.          0.
  0.          0.          2.30607107  0.          0.          0.          0.
  0.          1.53738072  0.          3.07476143  0.          0.          0.
  0.          0.          0.          0.          0.          0.          0.
  0.          3.07476143  0.          0.          2.30607107  0.
  2.30607107  0.          0.          0.          0.          3.84345179
  0.          0.          0.          0.          2.30607107  0.          0.
  0.          0.          0.          1.53738072  0.          0.          0.
  0.          0.          0.          0.          0.          0.          0.
  0.          0.          0.          0.          3.07476143  0.          0.
  3.07476143  0.          0.          0.          0.          0.          0.
  0.          0.          0.          0.          0.          0.          0.
  0.          0.          0.          0.          0.          0.          0.
  0.          0.          2.30607107  0.          0.          0.          0.
  0.          3.07476143  0.          0.          3.07476143  0.          0.
  0.          0.          0.          0.          0.          0.          0.
  0.          0.          0.          0.          0.          0.          0.
  0.          0.          0.          0.          0.          0.          0.
  0.          3.84345179  0.          0.          0.          0.          0.
  0.          0.          0.          0.          0.          0.          0.
  0.          0.          0.          0.          0.          0.          0.
  0.          0.          0.          0.          0.          0.          0.
  0.          0.          0.          0.          0.          0.          0.
  0.          1.53738072  3.07476143  0.          0.          0.
  1.53738072  0.          0.          0.          0.          0.          0.
  0.          0.          0.          0.          0.          0.
  3.07476143  0.          0.          0.          0.          0.          0.
  0.          0.          0.          0.          0.          0.          0.
  0.          0.          2.30607107  0.          0.          0.          0.
  0.          0.          0.          0.          0.          0.          0.
  0.          0.          0.        ]
[ 0.          2.61288666  0.          0.          0.          3.48384888
  1.74192444  3.48384888  2.61288666  0.          1.74192444  4.3548111
  1.74192444  2.61288666  0.87096222  0.87096222  3.48384888  3.48384888
  1.74192444  2.61288666  3.48384888  0.          2.61288666  0.
  2.61288666  2.61288666  1.74192444  0.          2.61288666  2.61288666
  2.61288666  0.          0.          0.          3.48384888  0.87096222
  0.          0.          0.87096222  0.87096222  0.          2.61288666
  4.3548111   0.87096222  1.74192444  1.74192444  2.61288666  1.74192444
  0.          2.61288666  1.74192444  0.          0.          0.          0.
  0.          0.        ]
[ 4.59428046  0.          5.74285058  4.59428046  4.59428046  0.
  5.74285058  5.74285058  4.59428046  4.59428046  0.          4.59428046
  0.          5.74285058  0.          5.74285058  3.44571035  0.          0.
  0.          5.74285058  5.74285058  5.74285058  4.59428046  4.59428046
  4.59428046  0.          5.74285058  5.74285058  5.74285058  5.74285058
  3.44571035  0.          0.          0.          0.          3.44571035
  0.          0.          5.74285058  4.59428046  0.          5.74285058
  5.74285058  4.59428046  5.74285058  5.74285058  5.74285058  5.74285058
  5.74285058  4.59428046  4.59428046  3.44571035  5.74285058  5.74285058
  4.59428046  4.59428046  4.59428046  5.74285058  0.          4.59428046
  4.59428046  5.74285058  3.44571035  0.          0.          0.          0.
  5.74285058  3.44571035  0.          5.74285058  4.59428046  0.
  3.44571035  2.29714023  2.29714023  0.          5.74285058  5.74285058
  5.74285058  4.59428046  5.74285058  5.74285058  0.          4.59428046
  0.          5.74285058  2.29714023  0.          3.44571035  5.74285058
  0.          5.74285058  2.29714023  3.44571035  4.59428046  0.          0.
  0.          4.59428046  5.74285058  0.          5.74285058  4.59428046
  4.59428046  0.          0.          5.74285058  4.59428046  0.          0.
  0.          0.          0.          2.29714023  2.29714023  0.
  2.29714023  0.          4.59428046  0.          0.          0.          0.
  0.          4.59428046  3.44571035  4.59428046  3.44571035  4.59428046
  5.74285058  0.          4.59428046  4.59428046  0.          0.          0.
  0.          0.          0.          0.          0.        ]
[-0. -0. -0. -0. -0. -0. -0. -0. -0. -0. -0. -0. -0. -0. -0. -0. -0. -0.
 -0. -0. -0. -0. -0. -0. -0. -0. -0. -0. -0. -0. -0. -0. -0. -0. -0. -0.
 -0. -0. -0. -0. -0. -0. -0. -0. -0. -0. -0. -0. -0. -0. -0. -0. -0. -0.
 -0. -0. -0. -0. -0. -0. -0. -0. -0. -0. -0. -0. -0. -0. -0. -0. -0. -0.
 -0. -0. -0. -0. -0. -0. -0. -0. -0. -0. -0. -0. -0. -0. -0. -0. -0. -0.
 -0. -0. -0. -0. -0. -0. -0. -0. -0. -0. -0. -0. -0. -0.]
[-1.99499835 -1.99499835 -0.         -1.49624876 -0.         -1.49624876
 -0.         -0.         -0.         -1.49624876 -0.         -0.
 -1.99499835 -1.99499835 -1.99499835 -0.         -0.         -1.49624876
 -0.         -1.49624876 -0.         -0.         -0.         -1.99499835
 -0.         -1.99499835 -2.49374794 -0.         -0.         -0.         -0.
 -1.99499835 -0.         -0.         -1.99499835 -0.         -0.         -0.
 -0.         -0.         -0.         -0.         -0.         -1.99499835
 -0.         -0.         -2.49374794 -1.99499835 -0.         -1.49624876
 -1.99499835 -0.         -0.         -1.99499835 -1.99499835 -1.99499835
 -0.         -0.         -0.         -1.99499835 -0.         -1.49624876
 -1.49624876 -0.         -0.         -0.         -0.         -0.         -0.
 -0.         -0.         -0.         -0.         -0.         -0.         -0.
 -0.         -1.99499835 -0.49874959 -0.         -0.         -1.99499835
 -0.         -0.         -0.         -0.         -0.         -0.
 -0.99749917 -0.         -1.99499835 -0.         -0.         -0.
 -1.99499835 -1.99499835 -0.         -0.         -0.         -0.         -0.
 -0.         -0.         -0.         -0.         -1.49624876 -0.
 -1.99499835 -1.99499835 -0.         -0.         -0.         -0.         -0.
 -0.         -0.         -1.99499835 -0.         -0.         -0.
 -1.99499835 -1.49624876 -0.         -0.         -0.         -0.         -0.
 -0.         -0.         -0.         -0.         -0.         -0.         -0.
 -0.         -0.         -0.         -0.         -0.         -0.         -0.
 -1.99499835 -0.         -0.         -1.99499835 -0.49874959 -0.         -0.
 -0.         -0.         -0.         -1.49624876 -0.         -0.         -0.
 -0.         -0.99749917 -0.         -0.         -0.         -0.         -0.
 -0.         -0.         -0.         -0.         -0.         -0.         -0.        ]
[ 3.09310611  0.          3.09310611  2.31982958  2.31982958  3.09310611
  3.86638263  0.          0.          0.          0.          1.54655305
  2.31982958  0.          0.          0.          3.09310611  0.          0.
  3.86638263  0.          3.09310611  3.86638263  3.09310611  2.31982958
  3.09310611  3.09310611  2.31982958  0.          2.31982958  3.09310611
  3.09310611  2.31982958  0.          0.          0.          3.86638263
  2.31982958  0.          3.09310611  0.          3.09310611  0.
  3.09310611  2.31982958  3.09310611  0.          0.          0.
  0.77327653  0.          0.          2.31982958  2.31982958  1.54655305
  0.          0.          0.          0.          0.          0.          0.
  2.31982958  0.          0.          1.54655305  2.31982958  0.
  0.77327653  0.          0.          0.          0.          0.          0.
  0.          0.          3.09310611  0.          2.31982958  0.          0.
  0.          0.77327653  0.          1.54655305  2.31982958  1.54655305
  2.31982958  0.          0.          0.          0.          2.31982958
  2.31982958  0.          1.54655305  0.          3.09310611  0.          0.
  3.09310611  0.          0.77327653  0.          0.          0.          0.
  2.31982958  2.31982958  3.09310611  2.31982958  0.          1.54655305
  0.          0.          0.          0.          0.          0.          0.
  0.          0.          0.          2.31982958]
[ 5.54517744  0.          5.54517744  6.93147181  5.54517744  0.
  5.54517744  6.93147181  6.93147181  5.54517744  0.          6.93147181
  5.54517744  5.54517744  0.          0.          6.93147181  5.54517744
  4.15888308  0.          5.54517744  2.77258872  0.          0.
  5.54517744  0.          5.54517744  6.93147181  2.77258872  5.54517744
  2.77258872  1.38629436  0.          5.54517744  5.54517744  5.54517744
  4.15888308  6.93147181  6.93147181  0.          5.54517744  5.54517744
  6.93147181  6.93147181  5.54517744  0.          6.93147181  5.54517744
  5.54517744  0.          5.54517744  5.54517744  0.          5.54517744
  2.77258872  5.54517744  6.93147181  4.15888308  4.15888308  0.
  5.54517744  0.          4.15888308  6.93147181  0.          5.54517744
  5.54517744  5.54517744  4.15888308  5.54517744  0.          0.
  5.54517744  0.          4.15888308  1.38629436  4.15888308  0.
  5.54517744  0.          4.15888308  5.54517744  0.          0.
  5.54517744  5.54517744  5.54517744  5.54517744  6.93147181  0.          0.
  0.          0.          0.          0.          6.93147181  0.
  6.93147181  0.          0.          0.          6.93147181  6.93147181
  0.          4.15888308  0.          4.15888308  0.          5.54517744
  0.          5.54517744  0.          5.54517744  0.          5.54517744
  4.15888308  0.          0.          0.          0.          5.54517744
  5.54517744  0.          4.15888308  5.54517744  1.38629436  0.          0.
  0.          4.15888308  5.54517744  5.54517744  0.          0.
  2.77258872  0.          0.          0.          4.15888308  0.
  6.93147181  0.          0.          0.        ]
[-2.2993338  -0.         -0.7664446  -3.83222301 -1.5328892  -3.83222301
 -3.83222301 -0.         -3.06577841 -1.5328892  -2.2993338  -2.2993338
 -3.83222301 -3.83222301 -3.83222301 -3.83222301 -3.06577841 -0.         -2.2993338
 -2.2993338  -3.06577841 -3.83222301 -0.         -0.         -2.2993338
 -3.83222301 -3.06577841 -3.06577841 -2.2993338  -3.06577841 -3.06577841
 -3.83222301 -0.         -3.83222301 -3.83222301 -3.83222301 -0.
 -3.83222301 -2.2993338  -3.83222301 -1.5328892  -3.83222301 -2.2993338
 -2.2993338  -0.         -3.83222301 -3.06577841 -3.06577841 -3.83222301
 -0.7664446  -3.06577841 -1.5328892  -3.06577841 -1.5328892  -3.06577841
 -3.06577841 -3.06577841 -3.06577841 -2.2993338  -3.83222301 -0.
 -3.83222301 -3.83222301 -3.83222301 -2.2993338  -3.83222301 -3.06577841
 -3.83222301 -3.06577841 -3.06577841 -3.83222301 -3.83222301 -3.06577841
 -3.06577841 -3.06577841 -3.83222301 -3.83222301 -3.83222301 -2.2993338
 -3.06577841 -0.         -3.06577841 -3.06577841 -2.2993338  -0.         -2.2993338
 -0.7664446  -2.2993338  -3.06577841 -3.06577841 -0.         -2.2993338
 -3.06577841 -3.83222301 -1.5328892  -3.06577841 -0.         -3.06577841
 -0.7664446  -3.06577841 -3.06577841 -3.83222301 -3.06577841 -0.         -0.
 -0.         -0.         -0.         -0.         -0.         -0.         -0.
 -0.         -0.         -0.         -0.         -0.         -0.         -0.
 -0.         -0.         -0.         -0.         -0.         -0.         -0.
 -0.         -0.         -0.         -0.         -0.         -0.         -0.
 -0.         -0.         -0.         -0.         -0.         -0.         -0.
 -0.         -0.         -0.         -0.         -0.         -0.         -0.
 -0.         -0.         -0.         -0.         -0.         -0.         -0.
 -0.         -0.         -0.         -0.         -0.         -0.         -0.
 -0.         -0.         -0.         -0.         -0.         -0.         -0.
 -0.         -0.         -0.         -0.         -0.         -0.         -0.
 -0.         -0.         -0.         -0.         -0.         -0.         -0.
 -0.         -0.         -0.         -0.         -0.         -0.         -0.
 -0.         -0.         -0.         -0.         -0.         -0.         -0.
 -0.         -0.         -0.         -0.         -0.         -0.         -0.
 -0.         -0.         -0.         -0.         -0.         -0.         -0.        ]
[-0.         -0.         -0.41026117 -0.         -0.         -0.         -0.
 -0.         -0.41026117 -0.         -0.         -0.51282646 -0.
 -0.20513058 -0.         -0.         -0.51282646 -0.         -0.         -0.
 -0.         -0.         -0.         -0.51282646 -0.51282646 -0.
 -0.41026117 -0.         -0.         -0.51282646 -0.         -0.41026117
 -0.         -0.51282646 -0.         -0.51282646 -0.         -0.         -0.
 -0.         -0.         -0.51282646 -0.         -0.         -0.
 -0.51282646 -0.51282646 -0.         -0.10256529 -0.30769588 -0.41026117
 -0.         -0.         -0.51282646 -0.         -0.20513058 -0.
 -0.51282646 -0.         -0.51282646 -0.         -0.51282646 -0.         -0.
 -0.41026117 -0.         -0.         -0.         -0.51282646 -0.
 -0.51282646 -0.41026117 -0.51282646 -0.         -0.41026117 -0.
 -0.51282646 -0.51282646 -0.         -0.51282646 -0.         -0.
 -0.51282646 -0.         -0.         -0.51282646 -0.         -0.         -0.
 -0.         -0.         -0.         -0.         -0.41026117 -0.
 -0.41026117 -0.41026117 -0.         -0.41026117 -0.         -0.         -0.
 -0.         -0.         -0.         -0.         -0.30769588 -0.         -0.
 -0.         -0.         -0.30769588 -0.         -0.51282646 -0.         -0.
 -0.         -0.         -0.         -0.         -0.         -0.41026117
 -0.         -0.         -0.        ]
[-1.18348935 -0.         -0.         -0.23669787 -0.         -1.18348935
 -0.         -0.94679148 -0.94679148 -1.18348935 -1.18348935 -0.
 -0.71009361 -0.23669787 -0.94679148 -0.94679148 -0.94679148 -0.71009361
 -0.47339574 -0.71009361 -0.         -1.18348935 -1.18348935 -0.94679148
 -0.         -0.71009361 -0.94679148 -0.47339574 -0.94679148 -0.47339574
 -0.94679148 -0.94679148 -0.47339574 -1.18348935 -0.47339574 -0.         -0.
 -0.         -0.         -0.         -0.         -0.         -0.         -0.
 -0.         -0.         -0.         -0.         -0.         -0.         -0.
 -0.         -0.         -0.         -0.         -0.         -0.         -0.
 -0.         -0.         -0.         -0.         -0.         -0.         -0.
 -0.         -0.         -0.         -0.         -0.         -0.         -0.
 -0.         -0.         -0.         -0.         -0.         -0.         -0.        ]
[ 2.55509055  1.7033937   0.          3.4067874   0.          2.55509055
  0.          0.          0.          0.          3.4067874   0.          0.
  0.          0.          0.          3.4067874   2.55509055  0.
  4.25848425  4.25848425  2.55509055  1.7033937   1.7033937   0.
  0.85169685  4.25848425  3.4067874   1.7033937   2.55509055  0.
  2.55509055  0.          0.          0.          0.          0.          0.
  0.        ]
[-0.80723237 -0.60542428 -1.00904046 -0.40361618 -1.00904046 -0.         -0.
 -0.         -0.         -0.         -0.        ]
[-0.94130652 -3.76522608 -4.7065326  -0.         -4.7065326  -0.
 -0.94130652 -0.         -1.88261304 -4.7065326  -0.94130652 -3.76522608
 -1.88261304 -2.82391956 -0.         -2.82391956 -0.94130652 -2.82391956
 -0.94130652]
[  0.           0.           0.          11.22824296   0.           0.           0.
   0.           0.           0.           0.           0.           0.           0.
   0.           0.           0.          11.22824296   0.           0.           0.
   0.           0.           6.73694578  11.22824296  11.22824296   0.           0.
   0.           0.           0.           0.           0.           0.           0.
   0.           0.           0.           0.           0.           0.
  11.22824296   6.73694578  11.22824296   0.           0.           0.           0.
   0.           8.98259437   0.           0.           0.           0.           0.
   0.           0.           0.           0.           0.           0.           0.
   0.           0.           0.           0.           0.           6.73694578
   0.           0.           0.           0.           0.           0.
   6.73694578   0.           0.           0.        ]
[-0. -0. -0. -0. -0. -0. -0. -0. -0. -0. -0. -0. -0. -0. -0. -0. -0. -0.
 -0. -0. -0. -0. -0. -0. -0. -0. -0.]
[-0.56472133 -0.423541   -0.423541   -0.70590166 -0.70590166 -0.70590166
 -0.         -0.70590166 -0.70590166 -0.56472133 -0.423541   -0.56472133
 -0.         -0.         -0.423541   -0.28236066 -0.         -0.423541
 -0.423541   -0.         -0.423541   -0.56472133 -0.423541   -0.56472133
 -0.423541   -0.423541   -0.         -0.56472133 -0.56472133 -0.423541   -0.
 -0.423541   -0.         -0.         -0.         -0.14118033 -0.         -0.
 -0.         -0.         -0.423541   -0.423541   -0.         -0.56472133
 -0.         -0.423541   -0.423541   -0.         -0.56472133 -0.
 -0.56472133 -0.         -0.         -0.         -0.423541   -0.
 -0.28236066 -0.        ]
[ 0.          0.          0.          0.          0.          0.          0.
  6.91038746  0.          4.14623248  0.          0.          0.          0.
  6.91038746  0.          0.          0.          0.          0.          0.
  0.          0.          0.          0.          0.          0.          0.
  0.          6.91038746  0.          0.          0.          0.          0.
  0.          0.          0.          0.          0.          0.          0.
  0.          0.          0.          0.          0.          0.          0.
  0.          0.          0.          0.          0.          0.          0.
  0.          0.          0.          0.          0.          0.          0.
  0.          0.          0.          0.          0.          0.          0.
  0.          0.          0.        ]
[ 0.          0.          0.          0.          0.          1.91882091
  0.          0.          0.          0.          0.          0.          0.
  0.          0.          0.          0.          1.15129255  1.15129255
  0.          0.          0.          0.          1.91882091  0.          0.        ]
[-3.49654369 -0.         -2.62240777 -0.         -2.62240777 -2.62240777
 -0.         -2.62240777 -0.         -3.49654369 -0.         -0.         -0.
 -3.49654369 -3.49654369 -2.62240777 -3.49654369 -2.62240777 -3.49654369
 -3.49654369 -0.         -0.         -1.74827185 -3.49654369 -4.37067962
 -0.         -3.49654369 -1.74827185 -1.74827185 -2.62240777 -4.37067962
 -4.37067962 -0.         -0.         -2.62240777 -0.         -0.         -0.
 -4.37067962 -3.49654369 -0.         -0.         -0.         -3.49654369
 -3.49654369 -3.49654369 -0.         -0.         -0.         -0.         -0.
 -3.49654369 -0.         -0.         -0.         -0.         -0.
 -2.62240777 -0.         -4.37067962 -4.37067962 -0.         -0.         -0.
 -0.         -4.37067962 -4.37067962 -0.         -0.         -1.74827185
 -2.62240777 -3.49654369 -0.         -3.49654369 -0.         -3.49654369
 -0.         -0.         -0.         -4.37067962 -0.         -3.49654369
 -0.         -3.49654369 -0.         -0.         -3.49654369 -2.62240777
 -0.         -3.49654369 -4.37067962 -3.49654369 -2.62240777 -0.         -0.
 -0.         -0.        ]
[ 12.30783503   9.84626803   0.          12.30783503   0.           0.           0.
   0.          12.30783503  12.30783503   0.           0.           0.           0.
   0.           0.           0.           0.           0.           0.           0.
   0.           0.           0.           0.           0.           0.           0.
   0.        ]
[ 3.07850105  0.          3.07850105  0.          0.          3.07850105
  3.07850105  3.07850105  1.84710063  1.84710063  3.07850105  3.07850105
  3.07850105  3.07850105  2.46280084  2.46280084  3.07850105  0.          0.
  0.          0.          0.          0.          0.          0.          0.
  0.          0.          0.          0.          0.          0.          0.
  0.          0.          0.          0.        ]
[ 2.04241681  0.          3.40402802  2.04241681  3.40402802  2.72322242
  0.          0.          3.40402802  1.36161121  2.72322242  3.40402802
  2.04241681  2.72322242  0.6808056   0.          0.        ]
[-0.         -0.         -0.         -0.48685991 -0.48685991 -0.         -0.
 -0.         -0.         -0.38948793 -0.48685991 -0.29211595 -0.         -0.
 -0.         -0.         -0.         -0.19474397 -0.48685991 -0.
 -0.48685991 -0.         -0.38948793 -0.         -0.         -0.48685991
 -0.29211595 -0.29211595 -0.38948793 -0.38948793 -0.29211595 -0.
 -0.29211595 -0.         -0.48685991 -0.48685991 -0.48685991 -0.         -0.
 -0.19474397 -0.         -0.48685991 -0.         -0.         -0.
 -0.48685991 -0.48685991 -0.38948793 -0.29211595 -0.48685991 -0.38948793
 -0.         -0.48685991 -0.48685991 -0.38948793 -0.29211595 -0.38948793
 -0.48685991 -0.38948793 -0.48685991 -0.48685991 -0.48685991 -0.48685991
 -0.38948793 -0.38948793 -0.         -0.         -0.48685991 -0.38948793
 -0.29211595 -0.29211595 -0.         -0.48685991 -0.         -0.         -0.
 -0.         -0.         -0.38948793 -0.09737198 -0.         -0.38948793
 -0.         -0.         -0.         -0.         -0.         -0.         -0.
 -0.         -0.         -0.         -0.         -0.         -0.
 -0.48685991 -0.38948793 -0.29211595 -0.38948793 -0.29211595 -0.
 -0.38948793 -0.         -0.         -0.38948793 -0.48685991 -0.
 -0.48685991 -0.29211595 -0.38948793 -0.38948793 -0.48685991 -0.29211595
 -0.38948793 -0.         -0.         -0.         -0.48685991 -0.48685991
 -0.48685991 -0.19474397 -0.38948793 -0.48685991 -0.38948793 -0.38948793
 -0.48685991 -0.         -0.48685991 -0.09737198 -0.48685991 -0.
 -0.48685991 -0.         -0.29211595 -0.38948793 -0.38948793 -0.29211595
 -0.29211595 -0.29211595 -0.48685991 -0.48685991 -0.38948793 -0.09737198
 -0.         -0.         -0.         -0.         -0.         -0.         -0.
 -0.         -0.         -0.         -0.         -0.         -0.         -0.
 -0.         -0.         -0.         -0.         -0.         -0.         -0.
 -0.         -0.         -0.         -0.         -0.         -0.         -0.
 -0.         -0.         -0.         -0.         -0.         -0.        ]
[ 0.          4.64692487  5.80865608  5.80865608  5.80865608  0.          0.
  0.          0.          4.64692487  0.          0.          0.          0.
  5.80865608  4.64692487  0.          0.          3.48519365  4.64692487]
[ 2.59721926  1.55833156  0.          2.07777541  2.07777541  0.          0.
  0.          2.07777541  0.          0.          0.          0.          0.
  2.59721926  0.          0.          2.59721926  2.07777541  2.07777541
  0.          0.          2.07777541  2.07777541  1.55833156  0.
  2.07777541  0.          2.07777541  2.07777541  0.          0.          0.
  2.07777541  2.59721926  0.          1.55833156  2.07777541  0.          0.
  0.          0.          0.          2.07777541  2.07777541  2.07777541
  2.07777541  0.          2.07777541  0.          0.          2.07777541
  2.59721926  0.          0.          2.07777541  2.07777541  0.
  2.07777541  2.59721926  2.07777541  2.07777541  2.07777541  0.
  2.59721926  0.          0.          0.          2.07777541  2.07777541
  0.          0.          0.          2.07777541  1.55833156  2.59721926
  2.07777541  2.07777541  2.59721926  2.07777541  2.07777541  2.07777541
  0.          2.07777541  2.07777541  2.07777541  0.          0.          0.
  0.          0.          0.          0.          2.59721926  0.
  2.07777541  0.          0.          0.          0.          0.          0.
  0.          0.          0.          0.          0.          0.          0.
  0.          0.          0.          0.          0.          0.          0.
  2.07777541  0.          0.          2.07777541  1.55833156  0.
  2.59721926  2.59721926  2.07777541  0.          0.          0.          0.
  0.          2.59721926  0.          1.55833156  2.07777541  0.          0.
  2.59721926  0.          0.          2.59721926  2.07777541  2.07777541
  2.59721926  1.55833156  0.          0.          2.59721926  1.55833156
  0.          2.59721926  2.07777541  2.07777541  2.07777541  2.59721926
  2.07777541  2.07777541  0.          0.          0.          0.
  2.59721926  0.          0.          2.07777541  2.07777541  0.          0.
  0.          0.          0.          0.          2.07777541  0.
  2.07777541  1.55833156  0.          0.          0.          2.59721926
  1.55833156  0.          2.07777541  2.59721926  0.          0.          0.
  0.          0.          0.          0.          2.07777541  2.07777541
  2.07777541  0.          0.          2.07777541  0.          0.          0.
  0.          2.07777541  2.07777541  0.          2.07777541  0.
  2.59721926  2.59721926  0.          0.          0.          0.          0.
  0.          0.          0.          0.          0.          0.          0.
  0.          0.          0.        ]
[ 5.55723374  0.          0.          0.          5.55723374  6.94654218
  0.        ]
[-0.         -0.         -0.09234688 -0.09234688 -0.09234688 -0.
 -0.09234688 -0.         -0.         -0.         -0.09234688 -0.         -0.1154336
 -0.         -0.         -0.1154336  -0.         -0.         -0.         -0.
 -0.         -0.         -0.         -0.         -0.09234688 -0.         -0.
 -0.         -0.         -0.         -0.         -0.         -0.         -0.
 -0.06926016 -0.         -0.         -0.         -0.         -0.
 -0.06926016 -0.         -0.         -0.         -0.         -0.09234688
 -0.         -0.        ]
[ -0.          -0.          -0.         -10.26190362  -0.         -10.26190362
 -12.82737953 -10.26190362 -12.82737953 -12.82737953 -12.82737953  -0.          -0.
  -0.          -0.          -7.69642772  -0.         -10.26190362  -0.          -0.        ]
[ 0.          0.          0.          0.          0.          0.          0.
  3.05869383  0.          3.05869383  0.          0.76467346  0.          0.
  0.          0.          0.          3.05869383  3.05869383  0.          0.
  0.          0.          2.29402037  0.          0.          0.          0.
  2.29402037  0.          0.          3.05869383  0.          3.05869383
  0.          3.05869383  0.          0.          0.          3.05869383
  2.29402037  0.          3.05869383  0.          0.          0.
  3.82336729  0.          3.05869383  0.          0.          0.          0.
  0.          0.          0.          0.          0.          0.
  3.05869383  0.          0.          0.          3.82336729  0.          0.
  3.05869383  0.          0.          0.          0.          0.          0.        ]
[ 7.13269741  5.70615793  2.85307896  7.13269741  0.          7.13269741
  5.70615793  0.          5.70615793  0.          0.          5.70615793
  7.13269741  7.13269741  5.70615793  7.13269741  7.13269741  7.13269741
  0.          0.          0.          0.          0.          7.13269741
  5.70615793  7.13269741  0.          0.          0.          5.70615793
  0.          7.13269741  5.70615793  0.          5.70615793  0.          0.
  0.          7.13269741  7.13269741  0.          0.          5.70615793
  5.70615793  0.          0.          0.          7.13269741  0.          0.
  5.70615793  0.          0.          7.13269741  0.          0.          0.
  0.          0.          7.13269741  0.          0.          5.70615793
  0.          7.13269741  7.13269741  5.70615793  0.          0.          0.
  0.          5.70615793  0.          0.          7.13269741  0.          0.
  0.          0.          0.          5.70615793  5.70615793  0.
  5.70615793  0.          0.          0.          7.13269741  7.13269741
  0.          0.          7.13269741  0.          7.13269741  0.
  4.27961845  0.          0.          7.13269741  0.          4.27961845
  0.          5.70615793  0.          7.13269741  0.          0.          0.
  0.          0.          5.70615793  0.          4.27961845  0.
  7.13269741  0.          0.          0.          0.          0.          0.
  0.          0.          0.          0.          4.27961845  0.          0.
  5.70615793  4.27961845  0.          0.          5.70615793  0.          0.
  0.        ]
[ 0.          1.45175302  1.81469127  1.45175302  0.          1.08881476
  0.          0.          0.          1.81469127  1.81469127  0.
  1.81469127  0.          0.          0.          1.81469127  1.81469127
  0.          0.          0.          0.          1.81469127  0.          0.
  0.          0.          0.          0.          0.          0.          0.
  0.          1.45175302  0.          0.          0.        ]
[ 0.          0.          5.83851987  0.          0.          0.          0.
  0.          0.          5.83851987  0.          0.          0.          0.
  5.83851987  0.          0.          5.83851987  5.83851987  0.          0.
  0.          0.          0.          0.          0.          0.          0.
  0.          0.          0.          0.          3.50311192  0.        ]
[ 0.          0.          1.56194503  0.          0.          1.24955602
  0.          1.24955602  0.          0.          0.          0.        ]
[-0.         -0.         -0.         -3.55046804 -0.         -0.         -0.
 -3.55046804 -2.84037443 -3.55046804 -3.55046804 -0.         -3.55046804
 -2.13028083 -2.13028083 -0.         -0.         -0.         -0.         -0.
 -0.         -0.         -2.84037443 -0.         -0.         -0.         -0.
 -2.84037443 -2.13028083 -2.13028083 -2.84037443 -0.         -2.84037443
 -0.         -3.55046804 -3.55046804 -0.         -0.        ]
[ 1.22769129  0.92076847  1.22769129  0.92076847  0.          0.61384565
  0.92076847  0.          0.          0.          0.          0.92076847
  1.22769129  1.22769129  1.22769129  1.22769129  0.92076847  0.          0.
  0.          1.22769129  0.          1.22769129  0.          0.92076847
  0.          0.          0.          0.          0.          0.61384565
  1.53461411  0.          1.53461411  1.22769129  0.          1.22769129
  0.          1.22769129  0.92076847  0.          0.          0.
  0.30692282  0.          0.          0.          0.          0.          0.
  0.          0.92076847  0.61384565  0.          1.22769129  0.          0.
  0.          0.          0.30692282  0.          0.          0.
  0.92076847  0.          0.          0.          0.          0.          0.
  0.          0.92076847  0.          0.          0.          0.          0.
  0.          0.          1.53461411  0.92076847  0.          0.          0.
  0.          0.          0.          0.          0.          0.          0.
  0.          0.          0.          0.          0.        ]
[-0.         -1.90468457 -3.80936914 -1.90468457 -3.80936914 -3.80936914
 -1.90468457 -0.         -0.         -4.76171143 -3.80936914]
[-0.         -0.         -2.22581305 -0.         -1.66935979 -0.         -0.
 -0.         -0.         -2.22581305 -0.         -0.         -0.         -0.
 -2.22581305 -0.         -0.         -0.         -0.         -0.         -0.
 -2.78226631 -0.         -0.         -1.66935979 -0.         -0.         -0.
 -0.         -0.         -0.         -0.         -0.         -0.         -0.
 -0.         -1.66935979 -0.         -0.         -0.         -0.         -0.
 -0.         -0.         -0.         -0.         -0.         -0.         -0.
 -1.66935979 -0.         -0.         -1.11290653 -0.         -0.         -0.
 -0.         -0.         -0.         -0.         -0.         -0.         -0.
 -0.         -0.         -0.         -0.         -2.22581305 -0.         -0.
 -0.         -0.         -0.         -0.         -0.         -0.         -0.
 -0.         -0.         -0.         -0.         -0.         -0.         -0.
 -0.         -0.         -0.         -0.         -0.         -0.         -0.
 -0.         -0.         -0.         -0.        ]
[-1.44760629 -1.44760629 -0.         -2.41267714 -2.41267714 -0.48253543
 -0.48253543 -0.         -0.         -0.         -1.93014171 -0.
 -1.44760629 -2.41267714 -0.         -2.41267714 -0.         -1.93014171
 -1.44760629 -1.44760629 -1.93014171 -1.93014171 -1.44760629 -0.         -0.
 -1.44760629 -0.         -0.96507086 -2.41267714 -1.93014171 -1.44760629
 -2.41267714 -1.93014171 -1.93014171 -1.93014171 -2.41267714 -2.41267714
 -1.44760629 -2.41267714 -0.         -0.48253543 -0.         -0.         -0.
 -0.         -1.93014171 -2.41267714 -1.93014171 -2.41267714 -0.         -0.
 -0.         -0.96507086 -2.41267714 -1.93014171 -0.         -1.44760629
 -2.41267714 -1.44760629 -1.93014171 -2.41267714 -0.         -2.41267714
 -1.44760629 -0.         -1.44760629 -1.93014171 -2.41267714 -1.44760629
 -1.44760629 -2.41267714 -1.93014171 -0.         -0.         -0.         -0.
 -1.93014171 -0.         -0.         -1.93014171 -1.93014171 -1.93014171
 -1.44760629 -2.41267714 -0.         -0.         -1.44760629 -0.
 -0.96507086 -0.         -0.96507086 -0.         -0.48253543 -1.44760629
 -1.44760629 -2.41267714 -0.         -0.         -1.44760629 -0.
 -1.93014171 -0.96507086 -0.         -2.41267714 -0.         -1.44760629
 -2.41267714 -0.         -0.48253543 -0.         -2.41267714 -1.44760629
 -0.         -1.44760629 -0.         -1.93014171 -0.         -0.96507086
 -1.44760629 -1.93014171 -0.         -1.44760629 -1.44760629 -0.         -0.
 -0.         -2.41267714 -2.41267714 -0.         -0.48253543 -1.93014171
 -2.41267714 -2.41267714 -2.41267714 -1.93014171 -0.         -0.         -0.
 -2.41267714 -1.44760629 -1.93014171 -0.         -1.93014171 -1.93014171
 -1.93014171 -0.48253543 -0.         -1.44760629 -0.96507086 -1.93014171
 -1.93014171 -2.41267714 -0.96507086 -1.44760629 -0.         -0.         -0.
 -0.         -0.         -0.         -0.        ]
[-2.89636031 -0.         -0.         -2.89636031 -0.         -0.
 -2.17227023 -2.17227023 -2.89636031 -2.89636031 -2.17227023 -0.         -0.
 -0.         -2.89636031 -0.         -0.         -3.62045039 -2.89636031
 -2.17227023 -2.89636031 -2.89636031 -2.89636031 -2.89636031 -2.17227023
 -0.         -2.89636031 -3.62045039 -2.17227023 -3.62045039 -0.
 -2.17227023 -2.89636031 -0.         -2.89636031 -2.17227023 -0.
 -2.17227023 -2.89636031 -0.         -2.17227023 -2.17227023 -0.         -0.
 -0.         -0.         -2.89636031 -0.         -2.17227023 -0.         -0.
 -0.         -0.         -0.         -2.89636031 -0.         -0.
 -3.62045039 -0.         -2.17227023 -1.44818016 -0.         -0.
 -2.89636031 -2.17227023 -0.         -0.         -2.89636031 -0.         -0.
 -0.         -0.         -2.17227023 -0.         -0.         -2.89636031
 -0.         -0.         -0.         -0.         -0.         -0.
 -2.89636031 -2.17227023 -0.         -0.         -2.89636031 -0.         -0.
 -1.44818016 -1.44818016 -0.         -0.         -1.44818016 -0.         -0.
 -0.         -0.        ]
[ 2.85702686  3.80936914  0.          0.          0.95234229  4.76171143
  3.80936914  0.          3.80936914  3.80936914  0.95234229  3.80936914
  2.85702686  0.          1.90468457  4.76171143  1.90468457  0.95234229
  4.76171143  3.80936914  2.85702686  0.          3.80936914  4.76171143
  4.76171143  1.90468457  0.          0.          0.          2.85702686
  0.          2.85702686  2.85702686  2.85702686  0.95234229  2.85702686
  1.90468457  3.80936914  0.95234229  0.95234229  3.80936914  2.85702686
  0.          0.95234229  0.95234229  0.95234229  2.85702686  0.
  0.95234229  0.95234229  1.90468457  4.76171143  4.76171143  0.95234229
  2.85702686  0.95234229  4.76171143  0.95234229  1.90468457  2.85702686
  4.76171143  0.95234229  2.85702686  2.85702686  0.95234229  0.          0.
  0.          0.        ]
[ 5.41293569  4.05970177  5.41293569  5.41293569  4.05970177  0.
  4.05970177  5.41293569  0.          6.76616961  0.          0.
  4.05970177  0.          4.05970177  0.          0.          0.          0.
  0.          4.05970177  1.35323392  0.          0.          0.          0.
  0.          4.05970177  0.          0.          0.          0.          0.
  0.          0.          0.        ]
[-0.         -4.90612513 -0.         -0.         -4.90612513 -4.90612513
 -0.         -4.90612513 -4.90612513 -4.90612513 -4.90612513 -0.
 -1.22653128 -0.         -4.90612513]
[-0.         -0.26471312 -0.26471312 -0.2117705  -0.15882787 -0.15882787
 -0.2117705  -0.2117705  -0.26471312 -0.10588525 -0.         -0.2117705  -0.
 -0.2117705  -0.26471312 -0.2117705  -0.15882787 -0.         -0.         -0.
 -0.05294262 -0.         -0.15882787 -0.15882787 -0.2117705  -0.         -0.2117705
 -0.26471312 -0.2117705  -0.         -0.         -0.2117705  -0.         -0.        ]
[ 0.          0.          0.          0.          0.          3.41146059
  3.41146059  3.41146059  0.          0.          0.          0.          0.
  3.41146059  2.55859545  0.          3.41146059  0.          3.41146059
  3.41146059  0.          0.          0.          0.          0.
  2.55859545  0.          0.          2.55859545  0.          3.41146059
  0.          0.          3.41146059  4.26432574  2.55859545  3.41146059
  0.          3.41146059  0.          3.41146059  0.          2.55859545
  0.          0.          0.          0.          0.          3.41146059
  3.41146059  0.          0.          0.          0.          0.          0.
  0.          0.          1.7057303   3.41146059  3.41146059  0.          0.
  0.          0.          0.          4.26432574  3.41146059  0.          0.
  0.          0.          0.          0.          0.          2.55859545
  2.55859545  4.26432574  2.55859545  0.          0.          0.
  4.26432574  3.41146059  0.          1.7057303   0.          2.55859545
  0.          0.          2.55859545  0.          0.          0.
  2.55859545  3.41146059  0.          2.55859545  0.          0.          0.
  0.          0.        ]
[ 4.02930448  0.          3.02197836  4.02930448  2.01465224  0.
  4.02930448  1.00732612  0.          5.0366306   5.0366306   4.02930448
  0.          3.02197836  2.01465224  0.          0.          0.          0.
  5.0366306   0.          0.          0.          2.01465224  0.        ]
[ 0.          0.          0.          0.          0.          6.25892522
  0.          0.          5.00714017  0.          5.00714017  0.
  5.00714017  3.75535513  5.00714017  0.          0.          5.00714017
  6.25892522  0.          0.          0.          5.00714017  5.00714017
  0.          0.          0.          0.          5.00714017  0.          0.
  0.          5.00714017  0.          0.          3.75535513  0.          0.
  0.          5.00714017  5.00714017  5.00714017  0.          6.25892522
  5.00714017  5.00714017  5.00714017  5.00714017  5.00714017  5.00714017
  0.          5.00714017  0.          0.          5.00714017  5.00714017
  0.          0.          0.          5.00714017  0.          0.
  5.00714017  0.          5.00714017  0.          5.00714017  5.00714017
  0.          0.          5.00714017  0.          6.25892522  0.          0.
  5.00714017  0.          0.          5.00714017  0.          0.          0.
  0.          0.          0.          3.75535513  3.75535513  0.
  5.00714017  5.00714017  0.          0.          0.          5.00714017
  5.00714017  0.          0.          0.          0.          0.          0.
  0.          3.75535513  6.25892522  0.          3.75535513  0.
  5.00714017  5.00714017  5.00714017  0.          0.          0.          0.
  0.          3.75535513  0.          3.75535513  0.          5.00714017
  0.          5.00714017  5.00714017  5.00714017  0.          0.
  5.00714017  5.00714017  0.          0.          0.          0.          0.
  0.          0.          0.          0.          0.          0.        ]
[ 4.1708908   5.21361349  0.          5.21361349  0.          0.          0.
  5.21361349  0.          4.1708908   5.21361349  0.          4.1708908   0.
  5.21361349  4.1708908   0.          0.          5.21361349  5.21361349
  0.          4.1708908   0.          0.          0.          2.0854454   0.
  4.1708908   0.          0.          5.21361349  5.21361349  0.
  5.21361349  3.1281681   4.1708908   4.1708908   5.21361349  5.21361349
  5.21361349  0.          0.          0.          0.          5.21361349
  2.0854454   4.1708908   0.          2.0854454   3.1281681   0.
  5.21361349  0.          3.1281681   1.0427227   5.21361349  4.1708908
  5.21361349  4.1708908   0.          5.21361349  0.          0.          3.1281681
  0.          0.          5.21361349  0.          0.          0.          0.
  0.          0.        ]
[-4.781794  -0.        -0.        -0.        -0.        -3.8254352
 -3.8254352 -0.        -0.        -2.8690764 -0.        -0.        -0.        -0.
 -0.        -0.        -0.        -1.9127176 -2.8690764 -0.        -0.
 -3.8254352 -0.        -0.        -0.        -0.        -3.8254352
 -3.8254352 -0.        -4.781794  -3.8254352 -4.781794  -0.        -0.        -0.
 -2.8690764 -0.        -0.        -0.        -0.        -0.        -2.8690764
 -0.        -3.8254352 -2.8690764 -1.9127176 -0.        -0.        -0.        -0.
 -0.        -3.8254352 -4.781794  -0.        -2.8690764 -3.8254352 -0.        -0.
 -2.8690764 -4.781794  -3.8254352 -3.8254352 -0.        -2.8690764
 -2.8690764 -0.        -1.9127176 -3.8254352 -0.        -0.        -3.8254352
 -2.8690764 -3.8254352 -0.        -1.9127176 -0.        -0.        -0.
 -3.8254352 -0.        -2.8690764 -4.781794  -0.        -0.        -0.        -0.
 -0.        -0.        -0.        -0.        -0.        -0.        -0.
 -3.8254352 -0.        -0.        -3.8254352 -3.8254352 -0.        -0.        -0.
 -0.        -3.8254352 -0.        -4.781794  -0.        -3.8254352 -0.        -0.
 -3.8254352 -0.        -0.        -0.        -0.        -1.9127176 -0.        -0.
 -0.        -0.        -2.8690764 -0.        -0.        -2.8690764 -0.        -0.
 -0.        -0.        -0.        -0.        -0.        -0.        -0.        -0.
 -3.8254352 -0.        -2.8690764 -0.        -0.        -0.        -0.        -0.
 -3.8254352 -2.8690764 -0.        -0.        -0.        -0.        -0.        -0.
 -0.        -0.        -0.        -0.        -0.        -0.        -0.
 -0.9563588 -0.        -0.        -0.        -0.        -0.        -0.        -0.
 -0.        -0.        -0.        -0.        -0.        -0.        -0.        -0.       ]
[-1.82094847 -0.         -0.         -1.36571136 -1.82094847 -0.
 -2.27618559 -1.36571136 -2.27618559 -0.         -0.         -1.82094847
 -0.         -2.27618559 -1.82094847 -2.27618559 -0.         -2.27618559
 -2.27618559 -0.         -0.         -0.         -1.82094847 -2.27618559
 -0.         -0.         -2.27618559 -1.36571136 -1.82094847 -2.27618559
 -1.36571136 -1.82094847 -1.82094847 -1.82094847 -1.82094847 -2.27618559
 -1.82094847 -0.         -1.36571136 -2.27618559 -2.27618559 -1.82094847
 -0.         -0.         -1.82094847 -1.36571136 -1.82094847 -0.         -0.
 -0.         -1.82094847 -0.         -0.         -0.         -0.         -0.
 -2.27618559 -2.27618559 -2.27618559 -1.36571136 -1.36571136 -0.
 -2.27618559 -0.         -1.82094847 -2.27618559 -0.         -1.36571136
 -0.         -1.36571136 -0.         -0.         -2.27618559 -1.36571136
 -1.82094847 -1.36571136 -0.         -1.36571136 -1.82094847 -2.27618559
 -1.36571136 -1.36571136 -0.         -2.27618559 -0.         -0.         -0.
 -0.         -0.         -0.         -0.         -0.         -0.        ]
[ 0.          0.87802036  0.70241629  0.          0.70241629  0.          0.
  0.          0.52681222  0.          0.          0.          0.70241629
  0.70241629  0.52681222  0.87802036  0.52681222  0.          0.
  0.87802036  0.          0.87802036  0.          0.          0.          0.
  0.87802036  0.          0.70241629  0.          0.87802036  0.          0.
  0.          0.          0.          0.          0.          0.
  0.70241629  0.          0.          0.          0.          0.
  0.87802036  0.          0.          0.          0.87802036  0.
  0.87802036  0.          0.          0.70241629  0.          0.          0.
  0.          0.          0.          0.          0.          0.70241629
  0.          0.          0.          0.          0.        ]
[ 5.28248433  0.          3.96186325  5.28248433  5.28248433  2.64124217
  6.60310542  3.96186325  0.          0.          0.          5.28248433
  0.          3.96186325  6.60310542  5.28248433  0.          0.
  2.64124217  5.28248433  3.96186325  3.96186325  3.96186325  3.96186325
  3.96186325  3.96186325  3.96186325  3.96186325  5.28248433  5.28248433
  0.          3.96186325  0.          0.          0.          3.96186325
  3.96186325  3.96186325  0.          3.96186325  0.          3.96186325
  3.96186325  5.28248433  3.96186325  3.96186325  0.          0.
  3.96186325  5.28248433  3.96186325  0.          0.          3.96186325
  2.64124217  6.60310542  0.          0.          0.          0.          0.
  0.          0.          0.          2.64124217  0.          3.96186325
  2.64124217  3.96186325  0.          3.96186325  0.          0.
  5.28248433  0.          0.          0.          0.          0.          0.
  0.          0.          0.          2.64124217  2.64124217  0.
  2.64124217  0.          0.          0.          0.          0.          0.
  3.96186325  0.          0.          0.          3.96186325  3.96186325
  3.96186325  3.96186325  3.96186325  0.          5.28248433  0.          0.
  0.          2.64124217  2.64124217  0.          0.          0.          0.
  0.          1.32062108  3.96186325  0.          0.          0.          0.
  0.          0.          0.          5.28248433  3.96186325  0.
  3.96186325  0.          0.          2.64124217  0.          0.          0.
  0.          0.          0.          0.          0.          3.96186325
  0.          0.        ]
