[ 0.00695536  0.01159226  0.00927381  0.          0.          0.00927381
  0.00695536  0.00231845]
[-0.00011327 -0.00011327 -0.00045306 -0.00011327 -0.00022653 -0.
 -0.00011327 -0.         -0.00011327]
[ 0.          0.02433717  0.03042146  0.          0.          0.01825287
  0.          0.          0.          0.          0.01216858  0.          0.
  0.          0.          0.          0.          0.          0.          0.
  0.02433717  0.          0.03042146  0.          0.          0.          0.
  0.          0.          0.          0.          0.        ]
[-0. -0. -0. -0. -0. -0. -0. -0. -0. -0. -0. -0. -0. -0. -0. -0. -0. -0.
 -0. -0. -0. -0. -0. -0. -0. -0. -0. -0. -0. -0.]
[  3.21054392e-05   0.00000000e+00   4.01317990e-05   0.00000000e+00
   0.00000000e+00   3.21054392e-05   0.00000000e+00   0.00000000e+00
   0.00000000e+00   0.00000000e+00   0.00000000e+00   0.00000000e+00
   2.40790794e-05   0.00000000e+00   4.01317990e-05   2.40790794e-05
   2.40790794e-05   0.00000000e+00   0.00000000e+00   0.00000000e+00
   0.00000000e+00   2.40790794e-05   3.21054392e-05   0.00000000e+00
   4.01317990e-05   0.00000000e+00   0.00000000e+00   0.00000000e+00
   3.21054392e-05   0.00000000e+00   0.00000000e+00   0.00000000e+00
   0.00000000e+00   0.00000000e+00   4.01317990e-05   3.21054392e-05
   4.01317990e-05   0.00000000e+00   3.21054392e-05   2.40790794e-05
   4.01317990e-05   0.00000000e+00   2.40790794e-05   2.40790794e-05
   0.00000000e+00   0.00000000e+00   0.00000000e+00   0.00000000e+00
   3.21054392e-05   0.00000000e+00   4.01317990e-05   0.00000000e+00
   0.00000000e+00   3.21054392e-05   4.01317990e-05   1.60527196e-05
   0.00000000e+00   0.00000000e+00   3.21054392e-05   4.01317990e-05
   4.01317990e-05   0.00000000e+00   0.00000000e+00   0.00000000e+00
   3.21054392e-05   4.01317990e-05   4.01317990e-05   0.00000000e+00
   0.00000000e+00   0.00000000e+00   0.00000000e+00   4.01317990e-05
   0.00000000e+00   0.00000000e+00   4.01317990e-05   0.00000000e+00
   0.00000000e+00   0.00000000e+00   3.21054392e-05   0.00000000e+00
   3.21054392e-05   0.00000000e+00   0.00000000e+00   4.01317990e-05
   3.21054392e-05   0.00000000e+00   0.00000000e+00   0.00000000e+00
   2.40790794e-05   0.00000000e+00   4.01317990e-05   0.00000000e+00
   0.00000000e+00   4.01317990e-05   0.00000000e+00   4.01317990e-05
   4.01317990e-05   0.00000000e+00   0.00000000e+00   4.01317990e-05
   4.01317990e-05   4.01317990e-05   0.00000000e+00   0.00000000e+00
   0.00000000e+00   4.01317990e-05   0.00000000e+00   0.00000000e+00
   0.00000000e+00   0.00000000e+00   0.00000000e+00   4.01317990e-05
   3.21054392e-05   4.01317990e-05   2.40790794e-05   2.40790794e-05
   3.21054392e-05   0.00000000e+00   2.40790794e-05   3.21054392e-05
   0.00000000e+00   0.00000000e+00   0.00000000e+00   0.00000000e+00
   0.00000000e+00   3.21054392e-05   0.00000000e+00   0.00000000e+00
   0.00000000e+00   0.00000000e+00   0.00000000e+00   0.00000000e+00
   0.00000000e+00   0.00000000e+00   3.21054392e-05   0.00000000e+00
   0.00000000e+00   0.00000000e+00   0.00000000e+00   0.00000000e+00
   0.00000000e+00   3.21054392e-05   1.60527196e-05   0.00000000e+00
   0.00000000e+00   0.00000000e+00   3.21054392e-05   0.00000000e+00
   0.00000000e+00   0.00000000e+00   0.00000000e+00   0.00000000e+00
   0.00000000e+00   2.40790794e-05   0.00000000e+00   2.40790794e-05
   0.00000000e+00   0.00000000e+00   0.00000000e+00   0.00000000e+00
   0.00000000e+00   0.00000000e+00   0.00000000e+00   2.40790794e-05
   0.00000000e+00   3.21054392e-05   0.00000000e+00   0.00000000e+00
   0.00000000e+00   0.00000000e+00   0.00000000e+00   0.00000000e+00
   0.00000000e+00   0.00000000e+00   0.00000000e+00   0.00000000e+00
   0.00000000e+00   0.00000000e+00   0.00000000e+00   0.00000000e+00
   2.40790794e-05   0.00000000e+00   3.21054392e-05   0.00000000e+00
   0.00000000e+00   0.00000000e+00   0.00000000e+00   0.00000000e+00
   0.00000000e+00   0.00000000e+00   0.00000000e+00   0.00000000e+00
   0.00000000e+00   0.00000000e+00   0.00000000e+00   0.00000000e+00
   0.00000000e+00   0.00000000e+00   4.01317990e-05   0.00000000e+00
   3.21054392e-05   3.21054392e-05   0.00000000e+00   0.00000000e+00
   0.00000000e+00   3.21054392e-05   0.00000000e+00   2.40790794e-05
   0.00000000e+00   4.01317990e-05   0.00000000e+00   0.00000000e+00
   0.00000000e+00   0.00000000e+00   0.00000000e+00   0.00000000e+00
   0.00000000e+00   0.00000000e+00   0.00000000e+00   0.00000000e+00
   0.00000000e+00   0.00000000e+00   0.00000000e+00   0.00000000e+00
   0.00000000e+00   0.00000000e+00   0.00000000e+00   0.00000000e+00
   0.00000000e+00   0.00000000e+00   0.00000000e+00   0.00000000e+00
   0.00000000e+00   0.00000000e+00   0.00000000e+00   0.00000000e+00
   0.00000000e+00   0.00000000e+00   0.00000000e+00   4.01317990e-05
   0.00000000e+00   4.01317990e-05   0.00000000e+00   2.40790794e-05
   0.00000000e+00   0.00000000e+00   2.40790794e-05   3.21054392e-05
   2.40790794e-05   0.00000000e+00   0.00000000e+00   0.00000000e+00
   0.00000000e+00   0.00000000e+00   3.21054392e-05   0.00000000e+00
   0.00000000e+00   0.00000000e+00   0.00000000e+00   0.00000000e+00
   0.00000000e+00   0.00000000e+00   0.00000000e+00   0.00000000e+00
   0.00000000e+00   0.00000000e+00   0.00000000e+00   0.00000000e+00
   0.00000000e+00   0.00000000e+00   0.00000000e+00   0.00000000e+00
   0.00000000e+00   0.00000000e+00   0.00000000e+00   0.00000000e+00
   3.21054392e-05   0.00000000e+00   0.00000000e+00   0.00000000e+00
   0.00000000e+00   0.00000000e+00   0.00000000e+00   0.00000000e+00
   0.00000000e+00   0.00000000e+00   0.00000000e+00   0.00000000e+00
   0.00000000e+00   0.00000000e+00   0.00000000e+00   0.00000000e+00
   0.00000000e+00   0.00000000e+00   2.40790794e-05   4.01317990e-05
   4.01317990e-05   0.00000000e+00   0.00000000e+00   0.00000000e+00
   0.00000000e+00   0.00000000e+00   0.00000000e+00   2.40790794e-05
   0.00000000e+00   0.00000000e+00   0.00000000e+00   0.00000000e+00
   0.00000000e+00   0.00000000e+00   0.00000000e+00   0.00000000e+00
   0.00000000e+00   0.00000000e+00   3.21054392e-05   0.00000000e+00
   0.00000000e+00   0.00000000e+00   3.21054392e-05   0.00000000e+00
   0.00000000e+00   3.21054392e-05   0.00000000e+00   0.00000000e+00
   0.00000000e+00   0.00000000e+00   0.00000000e+00   0.00000000e+00
   0.00000000e+00   0.00000000e+00   0.00000000e+00   0.00000000e+00
   0.00000000e+00   0.00000000e+00   0.00000000e+00   0.00000000e+00
   0.00000000e+00   0.00000000e+00   0.00000000e+00   0.00000000e+00
   1.60527196e-05   0.00000000e+00   0.00000000e+00   0.00000000e+00
   0.00000000e+00   3.21054392e-05   0.00000000e+00   3.21054392e-05
   0.00000000e+00   0.00000000e+00   0.00000000e+00   0.00000000e+00
   0.00000000e+00   2.40790794e-05   3.21054392e-05   1.60527196e-05
   0.00000000e+00   0.00000000e+00   0.00000000e+00   3.21054392e-05
   0.00000000e+00   3.21054392e-05   0.00000000e+00   2.40790794e-05
   2.40790794e-05   0.00000000e+00   0.00000000e+00   0.00000000e+00
   0.00000000e+00   0.00000000e+00   0.00000000e+00   0.00000000e+00
   0.00000000e+00   0.00000000e+00   0.00000000e+00   0.00000000e+00
   0.00000000e+00   0.00000000e+00   0.00000000e+00   0.00000000e+00
   0.00000000e+00   0.00000000e+00   0.00000000e+00   4.01317990e-05
   0.00000000e+00   0.00000000e+00   0.00000000e+00   0.00000000e+00
   0.00000000e+00   0.00000000e+00   0.00000000e+00   0.00000000e+00
   0.00000000e+00   0.00000000e+00   0.00000000e+00   0.00000000e+00
   0.00000000e+00   0.00000000e+00   2.40790794e-05   0.00000000e+00
   0.00000000e+00]
[-0. -0. -0. -0. -0. -0. -0. -0. -0. -0. -0. -0. -0. -0. -0. -0. -0. -0.
 -0. -0. -0. -0. -0. -0. -0. -0. -0. -0. -0. -0. -0. -0. -0. -0. -0. -0.
 -0. -0. -0. -0. -0. -0. -0. -0. -0. -0. -0. -0. -0. -0. -0. -0. -0. -0.
 -0. -0. -0. -0. -0. -0. -0. -0. -0. -0. -0. -0. -0. -0. -0. -0. -0. -0.
 -0. -0. -0. -0. -0. -0. -0. -0. -0. -0. -0. -0. -0. -0. -0. -0. -0. -0.
 -0. -0. -0. -0. -0. -0. -0. -0. -0. -0. -0. -0. -0. -0. -0. -0. -0. -0.
 -0. -0. -0. -0. -0. -0. -0. -0. -0. -0. -0. -0. -0. -0. -0. -0. -0. -0.
 -0. -0. -0. -0. -0. -0. -0. -0. -0. -0. -0. -0. -0. -0. -0. -0. -0. -0.
 -0. -0. -0. -0. -0. -0. -0. -0. -0. -0. -0. -0. -0. -0. -0. -0. -0. -0.
 -0. -0. -0. -0. -0. -0. -0. -0. -0. -0. -0. -0. -0. -0. -0. -0. -0. -0.
 -0. -0. -0. -0. -0. -0. -0. -0. -0. -0. -0. -0. -0. -0. -0. -0. -0. -0.
 -0. -0. -0. -0. -0. -0. -0. -0. -0. -0. -0. -0. -0. -0. -0. -0. -0. -0.
 -0. -0. -0. -0. -0. -0. -0. -0. -0. -0. -0. -0. -0. -0. -0. -0. -0. -0.
 -0. -0. -0. -0.]
[-0. -0. -0. -0. -0. -0. -0. -0. -0. -0. -0. -0. -0. -0. -0. -0. -0. -0.
 -0. -0. -0. -0. -0. -0. -0. -0. -0. -0. -0. -0. -0. -0. -0. -0. -0. -0.
 -0. -0. -0. -0. -0. -0. -0. -0. -0. -0. -0. -0. -0. -0. -0. -0. -0. -0.
 -0. -0. -0. -0. -0. -0. -0. -0. -0. -0. -0. -0. -0. -0. -0. -0. -0. -0.
 -0. -0. -0. -0. -0. -0. -0. -0. -0. -0. -0. -0. -0. -0. -0. -0. -0. -0.
 -0. -0. -0. -0. -0. -0. -0. -0. -0. -0. -0. -0. -0. -0. -0. -0. -0. -0.
 -0. -0. -0. -0. -0. -0. -0. -0. -0. -0. -0. -0. -0. -0. -0. -0. -0. -0.
 -0. -0. -0. -0. -0. -0. -0. -0. -0. -0. -0. -0. -0. -0. -0. -0. -0. -0.
 -0. -0. -0. -0. -0. -0. -0. -0. -0. -0. -0. -0. -0. -0. -0. -0. -0. -0.
 -0.]
[-0.00055335 -0.         -0.00013834 -0.00027667 -0.00041501 -0.         -0.
 -0.00041501 -0.00041501 -0.         -0.00027667 -0.         -0.00013834
 -0.         -0.00013834]
[ 0.16995079  0.          0.16995079  0.16995079  0.16995079  0.16995079
  0.13596064  0.          0.          0.          0.          0.13596064
  0.13596064  0.13596064  0.16995079  0.          0.13596064  0.16995079
  0.16995079  0.          0.          0.10197048  0.13596064  0.13596064
  0.          0.13596064  0.13596064  0.10197048  0.16995079  0.          0.
  0.          0.13596064  0.13596064  0.10197048  0.13596064  0.13596064
  0.          0.10197048  0.13596064  0.10197048  0.10197048  0.
  0.10197048  0.          0.10197048  0.          0.          0.13596064
  0.16995079  0.16995079  0.13596064  0.13596064  0.16995079  0.          0.
  0.          0.16995079  0.16995079  0.16995079  0.16995079  0.16995079
  0.          0.          0.          0.16995079  0.          0.          0.
  0.          0.          0.          0.          0.13596064  0.
  0.10197048  0.13596064  0.16995079  0.10197048  0.          0.13596064
  0.          0.13596064  0.13596064  0.16995079  0.13596064  0.13596064
  0.          0.16995079  0.13596064  0.16995079  0.10197048  0.13596064
  0.          0.          0.16995079  0.13596064  0.13596064  0.16995079
  0.          0.16995079  0.          0.          0.13596064  0.13596064
  0.13596064  0.13596064  0.13596064  0.13596064  0.          0.
  0.10197048  0.          0.13596064  0.          0.          0.16995079
  0.          0.13596064  0.13596064  0.13596064  0.          0.          0.
  0.          0.          0.10197048  0.16995079  0.13596064  0.          0.
  0.          0.          0.          0.          0.          0.13596064
  0.        ]
[  6.07108876e-06   3.03554438e-06   4.55331657e-06   3.03554438e-06
   1.51777219e-06   4.55331657e-06   1.51777219e-06   6.07108876e-06
   7.58886095e-06   7.58886095e-06   4.55331657e-06   4.55331657e-06
   3.03554438e-06   3.03554438e-06   4.55331657e-06   6.07108876e-06
   1.51777219e-06   1.51777219e-06   0.00000000e+00]
[-0.         -0.00041087 -0.00041087 -0.00041087 -0.         -0.00041087
 -0.00024652 -0.         -0.         -0.00024652 -0.00041087 -0.0003287
 -0.00024652 -0.0003287  -0.00041087 -0.00041087 -0.00041087 -0.         -0.0003287
 -0.         -0.00024652 -0.0003287  -0.00024652 -0.00024652 -0.0003287  -0.
 -0.         -0.         -0.00024652 -0.00041087 -0.00024652 -0.00041087
 -0.00041087 -0.00041087 -0.0003287  -0.00041087 -0.00041087 -0.00041087
 -0.         -0.         -0.         -0.        ]
[ 0.0208004   0.01248024  0.          0.01664032  0.          0.0208004   0.
  0.          0.          0.          0.0208004   0.01664032  0.          0.0208004
  0.0208004   0.0208004   0.          0.          0.          0.          0.
  0.          0.01248024  0.          0.          0.          0.          0.
  0.          0.0208004   0.0208004   0.          0.01664032  0.01248024
  0.          0.          0.        ]
[ 0.          0.00412509  0.          0.00412509  0.          0.00412509
  0.00330007  0.00330007  0.00165003  0.00165003  0.00330007  0.00412509
  0.00082502  0.00412509  0.00165003  0.          0.          0.          0.
  0.          0.          0.          0.          0.          0.          0.
  0.          0.          0.          0.          0.          0.        ]
[ -1.32497801e-04  -1.05998241e-04  -1.05998241e-04  -1.05998241e-04
  -7.94986806e-05  -1.05998241e-04  -1.05998241e-04  -0.00000000e+00
  -0.00000000e+00  -1.32497801e-04  -5.29991204e-05  -0.00000000e+00]
[ 0.00527451  0.00703268  0.          0.          0.          0.          0.
  0.          0.          0.00703268  0.          0.        ]
[ 0.00093593  0.          0.00124791  0.          0.00124791  0.00062395
  0.          0.          0.00062395  0.00031198  0.00031198  0.
  0.00031198  0.00155989  0.          0.          0.          0.          0.
  0.          0.          0.          0.          0.          0.          0.
  0.          0.          0.          0.          0.          0.          0.
  0.          0.          0.          0.          0.          0.          0.
  0.          0.          0.          0.          0.          0.          0.
  0.          0.          0.          0.          0.00031198  0.          0.
  0.          0.          0.00031198  0.          0.          0.00062395
  0.00124791  0.00062395  0.00093593  0.00062395  0.          0.          0.
  0.          0.          0.00062395  0.          0.          0.          0.
  0.00062395  0.          0.          0.          0.          0.          0.
  0.          0.          0.          0.          0.          0.          0.
  0.          0.          0.          0.          0.          0.          0.
  0.          0.          0.          0.          0.          0.          0.
  0.          0.          0.          0.          0.          0.          0.
  0.          0.00124791  0.00093593  0.          0.          0.          0.
  0.          0.          0.00031198  0.          0.00031198  0.          0.
  0.          0.          0.          0.00031198  0.          0.          0.
  0.          0.00093593  0.00031198  0.00062395  0.00031198  0.00031198
  0.          0.00124791  0.00093593  0.00062395  0.00031198  0.
  0.00093593  0.00062395  0.00062395  0.00031198  0.          0.00124791
  0.00124791  0.00062395  0.          0.          0.          0.00062395
  0.00031198  0.00031198  0.          0.          0.          0.          0.
  0.          0.00093593  0.00031198  0.00062395  0.00031198  0.00093593
  0.00093593  0.00031198  0.00031198  0.00062395  0.          0.          0.
  0.          0.          0.          0.          0.          0.          0.
  0.          0.          0.00093593  0.          0.          0.          0.
  0.          0.          0.          0.          0.          0.          0.
  0.          0.00124791  0.00093593  0.00062395  0.          0.          0.
  0.          0.          0.          0.          0.          0.          0.
  0.          0.          0.          0.          0.          0.          0.
  0.00062395  0.00031198  0.          0.00062395  0.00124791  0.          0.
  0.          0.          0.          0.          0.          0.          0.
  0.          0.          0.          0.          0.          0.          0.
  0.          0.          0.          0.          0.          0.          0.
  0.          0.          0.00124791  0.          0.          0.
  0.00093593  0.          0.          0.00093593  0.          0.          0.
  0.          0.          0.          0.          0.00093593  0.
  0.00124791  0.          0.          0.          0.          0.00093593
  0.          0.00062395  0.          0.          0.          0.          0.
  0.          0.          0.          0.          0.          0.          0.
  0.          0.          0.          0.          0.          0.          0.
  0.00031198  0.          0.          0.          0.          0.00062395
  0.          0.          0.          0.          0.          0.          0.
  0.          0.          0.          0.          0.          0.          0.
  0.          0.00093593  0.          0.00031198  0.00062395  0.00031198
  0.00093593  0.00031198  0.          0.          0.00093593  0.
  0.00062395  0.00031198  0.00031198  0.00031198  0.00062395  0.          0.
  0.          0.          0.          0.00093593  0.00031198  0.00031198
  0.00093593  0.          0.00093593  0.00031198  0.          0.          0.
  0.          0.          0.00062395  0.00031198  0.00031198  0.00031198
  0.        ]
[-0.00562869 -0.         -0.         -0.00422152 -0.         -0.00703586
 -0.00562869 -0.00562869 -0.         -0.         -0.         -0.00562869
 -0.         -0.00281434 -0.         -0.         -0.         -0.00562869
 -0.         -0.00422152 -0.00562869 -0.         -0.00703586 -0.00562869
 -0.00281434 -0.         -0.00703586 -0.         -0.         -0.
 -0.00562869 -0.00422152 -0.00422152 -0.00422152 -0.00422152 -0.00140717
 -0.         -0.         -0.00281434 -0.00281434 -0.00422152 -0.00422152
 -0.00422152 -0.00422152 -0.         -0.00422152 -0.00562869 -0.00422152
 -0.00562869 -0.         -0.         -0.         -0.00422152 -0.         -0.
 -0.         -0.         -0.00703586 -0.         -0.00422152 -0.00422152
 -0.         -0.         -0.00562869 -0.         -0.         -0.00422152
 -0.00562869 -0.00422152 -0.00422152 -0.         -0.         -0.         -0.
 -0.         -0.00422152 -0.00703586 -0.00562869 -0.         -0.00422152
 -0.00562869 -0.00422152 -0.00422152 -0.00422152 -0.         -0.         -0.
 -0.00422152 -0.00422152 -0.00422152 -0.         -0.         -0.00422152
 -0.         -0.         -0.         -0.         -0.00422152 -0.
 -0.00562869 -0.00281434 -0.00140717 -0.         -0.00422152 -0.
 -0.00281434 -0.00422152 -0.00281434 -0.         -0.         -0.         -0.
 -0.         -0.         -0.         -0.         -0.         -0.         -0.
 -0.         -0.         -0.         -0.00140717 -0.         -0.         -0.
 -0.00562869 -0.         -0.         -0.         -0.         -0.         -0.
 -0.00562869 -0.         -0.         -0.00422152 -0.         -0.00140717
 -0.         -0.00281434 -0.         -0.         -0.         -0.
 -0.00281434 -0.         -0.         -0.         -0.00422152 -0.00281434
 -0.00422152 -0.         -0.00281434 -0.         -0.         -0.
 -0.00422152 -0.00281434 -0.         -0.00562869 -0.00422152 -0.         -0.
 -0.         -0.         -0.00140717 -0.00281434 -0.         -0.
 -0.00422152 -0.         -0.00562869 -0.         -0.00562869 -0.
 -0.00422152 -0.00422152 -0.         -0.         -0.         -0.         -0.
 -0.         -0.         -0.00422152 -0.         -0.         -0.
 -0.00281434 -0.         -0.00281434 -0.         -0.         -0.         -0.
 -0.00140717 -0.         -0.         -0.         -0.00422152 -0.00422152
 -0.00422152 -0.00281434 -0.00281434 -0.         -0.00140717 -0.00281434
 -0.00703586 -0.         -0.         -0.         -0.         -0.00281434
 -0.         -0.         -0.         -0.00281434 -0.00422152 -0.         -0.
 -0.         -0.         -0.         -0.         -0.         -0.00422152
 -0.         -0.         -0.         -0.         -0.         -0.00422152
 -0.         -0.         -0.         -0.         -0.         -0.         -0.
 -0.00281434 -0.00562869 -0.         -0.         -0.         -0.         -0.
 -0.         -0.         -0.         -0.         -0.         -0.         -0.
 -0.00281434 -0.         -0.         -0.         -0.         -0.
 -0.00281434 -0.00422152 -0.         -0.         -0.         -0.        ]
[ 0.03806506  0.01268835  0.          0.          0.          0.          0.
  0.03806506  0.          0.          0.03806506  0.          0.        ]
[ 0.02015415  0.01511561  0.02015415  0.02519269  0.02519269  0.
  0.02015415  0.01007708  0.02015415  0.01007708  0.00503854  0.02015415
  0.02519269  0.          0.          0.        ]
[  2.03265431e-05   0.00000000e+00   6.09796293e-05   2.03265431e-05
   4.06530862e-05   2.03265431e-05   6.09796293e-05   6.09796293e-05
   4.06530862e-05   6.09796293e-05   2.03265431e-05   2.03265431e-05
   4.06530862e-05   0.00000000e+00   0.00000000e+00   0.00000000e+00
   0.00000000e+00   0.00000000e+00   0.00000000e+00]
[ 0.00068184  0.          0.00170459  0.00136368  0.00170459  0.00170459
  0.00170459  0.          0.00136368  0.          0.00102276  0.          0.
  0.          0.          0.          0.00102276  0.          0.00170459
  0.00170459  0.          0.00170459  0.          0.00170459  0.00170459
  0.          0.00170459  0.          0.00170459  0.          0.          0.
  0.00170459  0.00170459  0.          0.          0.          0.          0.
  0.          0.00170459  0.          0.          0.          0.        ]
[ -2.54607996e-04  -2.54607996e-04  -0.00000000e+00  -0.00000000e+00
  -0.00000000e+00  -2.54607996e-04  -8.48693320e-05  -1.69738664e-04
  -8.48693320e-05  -1.69738664e-04  -0.00000000e+00  -1.69738664e-04
  -1.69738664e-04  -0.00000000e+00  -0.00000000e+00  -0.00000000e+00
  -0.00000000e+00  -0.00000000e+00  -0.00000000e+00  -0.00000000e+00
  -3.39477328e-04  -8.48693320e-05  -0.00000000e+00  -0.00000000e+00
  -2.54607996e-04  -8.48693320e-05  -3.39477328e-04  -0.00000000e+00
  -1.69738664e-04  -8.48693320e-05  -0.00000000e+00  -3.39477328e-04
  -0.00000000e+00  -1.69738664e-04  -0.00000000e+00  -8.48693320e-05
  -8.48693320e-05  -8.48693320e-05  -2.54607996e-04  -8.48693320e-05
  -0.00000000e+00  -0.00000000e+00  -0.00000000e+00  -8.48693320e-05
  -0.00000000e+00  -0.00000000e+00  -0.00000000e+00  -0.00000000e+00
  -2.54607996e-04  -1.69738664e-04  -8.48693320e-05  -0.00000000e+00
  -0.00000000e+00  -0.00000000e+00  -0.00000000e+00  -0.00000000e+00
  -0.00000000e+00  -0.00000000e+00  -0.00000000e+00  -0.00000000e+00
  -0.00000000e+00  -3.39477328e-04  -3.39477328e-04  -8.48693320e-05
  -0.00000000e+00  -0.00000000e+00  -8.48693320e-05  -8.48693320e-05
  -8.48693320e-05]
[  0.00000000e+00   0.00000000e+00   0.00000000e+00   0.00000000e+00
   0.00000000e+00   0.00000000e+00   2.54661382e-06   2.54661382e-06
   2.54661382e-06   0.00000000e+00   0.00000000e+00   1.90996037e-06
   0.00000000e+00   2.54661382e-06   0.00000000e+00   0.00000000e+00
   1.90996037e-06   3.18326728e-06   0.00000000e+00   0.00000000e+00
   1.90996037e-06   1.90996037e-06   0.00000000e+00   2.54661382e-06
   0.00000000e+00   1.90996037e-06   1.90996037e-06   2.54661382e-06
   2.54661382e-06   2.54661382e-06   0.00000000e+00   0.00000000e+00
   0.00000000e+00   0.00000000e+00   1.90996037e-06   1.90996037e-06
   0.00000000e+00   0.00000000e+00   0.00000000e+00   2.54661382e-06
   0.00000000e+00   0.00000000e+00   2.54661382e-06   0.00000000e+00
   0.00000000e+00   0.00000000e+00]
[ -1.36453805e-04  -4.54846017e-05  -1.36453805e-04  -2.27423009e-04
  -0.00000000e+00  -1.36453805e-04  -0.00000000e+00  -0.00000000e+00
  -0.00000000e+00  -0.00000000e+00  -4.54846017e-05  -4.54846017e-05
  -1.36453805e-04  -1.81938407e-04  -1.81938407e-04  -0.00000000e+00
  -9.09692034e-05  -0.00000000e+00  -0.00000000e+00  -0.00000000e+00
  -0.00000000e+00  -4.54846017e-05  -4.54846017e-05  -0.00000000e+00
  -4.54846017e-05]
[ 0.00302556  0.          0.00403408  0.          0.          0.00100852
  0.          0.          0.          0.          0.          0.          0.
  0.          0.          0.          0.          0.00302556  0.00201704
  0.00201704  0.00403408  0.00100852  0.          0.          0.00100852
  0.          0.          0.          0.          0.          0.          0.
  0.          0.          0.          0.          0.          0.          0.
  0.          0.          0.          0.          0.          0.          0.
  0.          0.          0.00403408  0.          0.          0.          0.
  0.          0.          0.          0.          0.          0.          0.
  0.00100852  0.          0.          0.          0.          0.00100852
  0.00403408  0.          0.00201704  0.00201704  0.00100852  0.          0.
  0.          0.          0.00100852  0.00201704  0.00100852  0.00201704
  0.00302556  0.          0.          0.          0.          0.          0.
  0.          0.00201704  0.          0.00100852  0.          0.          0.
  0.00100852  0.          0.          0.          0.          0.          0.
  0.00201704  0.          0.          0.          0.          0.          0.
  0.          0.          0.          0.          0.          0.          0.
  0.          0.          0.00302556  0.          0.          0.          0.
  0.          0.          0.          0.00302556  0.00100852  0.          0.
  0.          0.00201704  0.00100852  0.00100852  0.00100852  0.
  0.00201704  0.00201704  0.          0.          0.          0.00100852]
[ 0.          0.01662115  0.01329692  0.          0.          0.
  0.01662115  0.          0.01662115  0.          0.00997269  0.
  0.01329692  0.01329692  0.01329692  0.          0.          0.00664846
  0.          0.          0.01662115  0.          0.          0.          0.
  0.          0.01329692  0.01329692  0.01329692  0.01329692  0.          0.
  0.          0.          0.          0.          0.          0.          0.
  0.          0.          0.          0.01662115  0.          0.          0.
  0.          0.          0.          0.          0.          0.          0.
  0.          0.          0.          0.          0.          0.
  0.01329692  0.          0.01329692  0.01662115  0.          0.          0.
  0.          0.          0.          0.        ]
[  0.00000000e+00   2.07800073e-04   6.92666910e-05   6.92666910e-05
   6.92666910e-05   2.07800073e-04   1.38533382e-04   6.92666910e-05
   6.92666910e-05   2.07800073e-04   1.38533382e-04   0.00000000e+00
   6.92666910e-05   6.92666910e-05   6.92666910e-05   2.77066764e-04
   6.92666910e-05   6.92666910e-05]
[ 0.          0.          0.02736436  0.02736436  0.01824291  0.          0.
  0.01824291  0.01824291  0.          0.          0.02736436  0.          0.
  0.02736436  0.01824291  0.01824291  0.03648582  0.00912145  0.02736436
  0.01824291  0.03648582  0.02736436  0.          0.          0.          0.
  0.          0.          0.          0.          0.          0.        ]
[-0. -0. -0. -0. -0. -0. -0. -0. -0. -0. -0. -0. -0. -0. -0. -0. -0. -0.
 -0. -0. -0. -0. -0. -0. -0. -0. -0. -0. -0. -0. -0. -0. -0. -0. -0. -0.
 -0. -0. -0. -0. -0. -0. -0. -0. -0. -0. -0. -0. -0. -0. -0. -0. -0. -0.
 -0. -0. -0. -0. -0. -0. -0. -0. -0. -0. -0. -0. -0. -0. -0. -0. -0. -0.
 -0. -0. -0. -0. -0. -0. -0. -0. -0. -0. -0. -0. -0. -0. -0. -0. -0. -0.
 -0. -0. -0. -0. -0. -0. -0. -0. -0. -0. -0. -0. -0. -0. -0. -0. -0. -0.
 -0. -0. -0. -0. -0. -0. -0. -0. -0. -0. -0. -0. -0. -0. -0. -0. -0. -0.
 -0. -0. -0. -0. -0. -0. -0. -0. -0. -0. -0. -0. -0. -0. -0. -0. -0. -0.
 -0. -0. -0. -0. -0. -0. -0. -0. -0. -0. -0. -0. -0. -0. -0. -0. -0. -0.
 -0. -0. -0. -0. -0. -0. -0. -0. -0. -0. -0. -0. -0. -0. -0. -0. -0. -0.
 -0. -0. -0. -0. -0. -0. -0. -0. -0. -0. -0. -0. -0. -0. -0. -0. -0. -0.
 -0. -0. -0. -0. -0. -0. -0. -0. -0. -0. -0. -0. -0. -0. -0. -0. -0. -0.
 -0. -0. -0. -0. -0. -0. -0. -0. -0. -0. -0. -0. -0. -0. -0. -0. -0. -0.
 -0. -0. -0. -0. -0. -0. -0. -0. -0. -0. -0. -0. -0. -0. -0. -0. -0. -0.
 -0. -0. -0. -0. -0. -0. -0. -0. -0. -0. -0. -0. -0. -0. -0. -0. -0. -0.
 -0. -0. -0.]
[-0.00203611 -0.00203611 -0.00254514 -0.         -0.         -0.00254514
 -0.00254514 -0.00254514 -0.00254514 -0.00254514 -0.         -0.
 -0.00254514 -0.         -0.         -0.         -0.00254514 -0.         -0.
 -0.00254514 -0.00152709 -0.         -0.         -0.00152709 -0.         -0.
 -0.00254514 -0.00152709 -0.00254514 -0.         -0.         -0.         -0.
 -0.00254514 -0.         -0.00254514 -0.00254514 -0.         -0.00254514
 -0.00203611 -0.00152709 -0.         -0.        ]
[-0.00201416 -0.         -0.         -0.         -0.         -0.         -0.
 -0.00161132 -0.         -0.         -0.        ]
[-0.01819673 -0.01455738 -0.         -0.01819673 -0.01819673 -0.01091804
 -0.         -0.         -0.01455738 -0.         -0.01091804 -0.01819673
 -0.         -0.01819673 -0.01819673 -0.01819673 -0.         -0.         -0.
 -0.         -0.         -0.         -0.01819673 -0.         -0.         -0.
 -0.         -0.01455738 -0.         -0.00727869 -0.01091804 -0.
 -0.01455738 -0.         -0.         -0.00727869 -0.         -0.01819673
 -0.         -0.         -0.         -0.         -0.         -0.01455738]
[ -0.00000000e+00  -0.00000000e+00  -0.00000000e+00  -0.00000000e+00
  -0.00000000e+00  -0.00000000e+00  -0.00000000e+00  -3.86493393e-06
  -3.86493393e-06  -0.00000000e+00  -7.72986786e-06  -0.00000000e+00
  -7.72986786e-06  -3.86493393e-06  -3.86493393e-06  -7.72986786e-06
  -3.86493393e-06  -0.00000000e+00  -0.00000000e+00  -0.00000000e+00
  -0.00000000e+00  -0.00000000e+00  -0.00000000e+00  -1.54597357e-05
  -1.15948018e-05  -3.86493393e-06  -0.00000000e+00  -3.86493393e-06]
[  1.33082096e-04   0.00000000e+00   6.65410478e-05   0.00000000e+00
   0.00000000e+00   0.00000000e+00   0.00000000e+00   9.98115717e-05
   6.65410478e-05   0.00000000e+00   0.00000000e+00   0.00000000e+00
   0.00000000e+00   0.00000000e+00   0.00000000e+00   0.00000000e+00
   9.98115717e-05   0.00000000e+00   9.98115717e-05   9.98115717e-05
   3.32705239e-05   0.00000000e+00   0.00000000e+00   0.00000000e+00
   0.00000000e+00   0.00000000e+00   0.00000000e+00   0.00000000e+00]
[ 0.          0.          0.          0.          0.18902238  0.18902238
  0.          0.15121791  0.          0.11341343  0.          0.15121791
  0.          0.          0.          0.18902238  0.          0.          0.
  0.          0.          0.          0.18902238  0.          0.          0.
  0.          0.15121791  0.          0.          0.15121791  0.11341343
  0.          0.15121791  0.          0.11341343  0.          0.          0.
  0.18902238  0.15121791  0.15121791  0.          0.          0.          0.
  0.          0.          0.          0.          0.15121791  0.          0.
  0.          0.11341343  0.15121791  0.          0.15121791  0.          0.
  0.18902238  0.15121791  0.11341343  0.          0.          0.          0.
  0.15121791  0.15121791  0.15121791  0.15121791  0.          0.
  0.18902238  0.          0.15121791  0.15121791  0.15121791  0.
  0.15121791  0.          0.18902238  0.          0.15121791  0.15121791
  0.          0.          0.          0.          0.15121791  0.
  0.18902238  0.15121791  0.15121791  0.          0.15121791  0.
  0.15121791  0.15121791  0.          0.15121791  0.          0.15121791
  0.11341343  0.          0.15121791  0.          0.15121791  0.15121791
  0.15121791  0.          0.          0.          0.          0.          0.
  0.          0.          0.          0.          0.          0.          0.
  0.          0.          0.          0.          0.          0.          0.
  0.          0.          0.          0.          0.15121791  0.          0.
  0.          0.          0.          0.15121791  0.          0.          0.
  0.          0.          0.          0.          0.          0.15121791
  0.          0.          0.15121791  0.          0.          0.
  0.11341343  0.11341343  0.          0.11341343  0.          0.          0.
  0.          0.15121791  0.18902238  0.15121791  0.          0.15121791
  0.          0.          0.          0.          0.          0.          0.
  0.          0.18902238  0.          0.          0.          0.
  0.15121791  0.          0.          0.          0.          0.          0.
  0.          0.          0.          0.          0.          0.          0.
  0.          0.          0.          0.          0.11341343  0.          0.
  0.          0.15121791  0.          0.          0.          0.
  0.15121791  0.15121791  0.          0.15121791  0.15121791  0.
  0.15121791  0.          0.          0.          0.          0.          0.
  0.          0.          0.15121791  0.          0.          0.          0.
  0.07560895  0.          0.          0.          0.          0.          0.
  0.          0.          0.          0.          0.          0.          0.
  0.          0.          0.          0.          0.          0.          0.
  0.          0.          0.          0.          0.          0.          0.
  0.          0.          0.          0.          0.        ]
[ 0.00264348  0.          0.          0.          0.          0.          0.
  0.          0.          0.          0.          0.          0.00264348
  0.          0.00352464  0.          0.00264348  0.00264348  0.          0.
  0.          0.          0.          0.          0.          0.00264348
  0.0044058   0.          0.          0.0044058   0.          0.00352464
  0.          0.00088116  0.          0.          0.00264348  0.00264348
  0.          0.          0.          0.          0.          0.          0.
  0.          0.          0.          0.          0.00088116  0.00176232
  0.00088116  0.00088116  0.0044058   0.00264348  0.00088116  0.          0.
  0.          0.          0.          0.          0.          0.          0.
  0.          0.          0.          0.          0.          0.          0.
  0.          0.          0.          0.          0.          0.          0.
  0.          0.          0.          0.          0.          0.          0.
  0.          0.          0.          0.          0.          0.        ]
[ -0.00000000e+00  -0.00000000e+00  -1.14869103e-04  -1.14869103e-04
  -0.00000000e+00  -0.00000000e+00  -0.00000000e+00  -6.89214619e-05
  -1.14869103e-04  -9.18952826e-05  -9.18952826e-05  -9.18952826e-05
  -9.18952826e-05  -9.18952826e-05  -0.00000000e+00  -9.18952826e-05
  -6.89214619e-05  -1.14869103e-04  -1.14869103e-04  -9.18952826e-05
  -1.14869103e-04  -1.14869103e-04  -0.00000000e+00  -4.59476413e-05
  -0.00000000e+00  -1.14869103e-04  -9.18952826e-05  -0.00000000e+00
  -9.18952826e-05  -0.00000000e+00  -6.89214619e-05  -0.00000000e+00
  -1.14869103e-04  -1.14869103e-04  -1.14869103e-04  -9.18952826e-05
  -1.14869103e-04  -0.00000000e+00  -0.00000000e+00  -0.00000000e+00
  -1.14869103e-04  -9.18952826e-05  -0.00000000e+00  -0.00000000e+00
  -1.14869103e-04  -0.00000000e+00  -1.14869103e-04  -1.14869103e-04
  -0.00000000e+00  -0.00000000e+00  -4.59476413e-05  -0.00000000e+00
  -0.00000000e+00  -1.14869103e-04  -6.89214619e-05  -9.18952826e-05
  -9.18952826e-05  -0.00000000e+00  -6.89214619e-05  -6.89214619e-05
  -1.14869103e-04  -9.18952826e-05  -0.00000000e+00  -9.18952826e-05
  -1.14869103e-04  -0.00000000e+00  -1.14869103e-04  -0.00000000e+00
  -9.18952826e-05  -0.00000000e+00  -0.00000000e+00  -0.00000000e+00
  -0.00000000e+00  -9.18952826e-05  -0.00000000e+00  -1.14869103e-04
  -0.00000000e+00  -0.00000000e+00  -0.00000000e+00  -0.00000000e+00
  -1.14869103e-04  -1.14869103e-04  -0.00000000e+00  -0.00000000e+00
  -0.00000000e+00  -1.14869103e-04  -9.18952826e-05  -0.00000000e+00
  -0.00000000e+00  -0.00000000e+00  -1.14869103e-04  -9.18952826e-05
  -1.14869103e-04  -4.59476413e-05  -6.89214619e-05  -0.00000000e+00
  -0.00000000e+00  -0.00000000e+00  -0.00000000e+00  -6.89214619e-05
  -0.00000000e+00  -0.00000000e+00  -1.14869103e-04  -1.14869103e-04
  -6.89214619e-05  -9.18952826e-05  -0.00000000e+00  -0.00000000e+00
  -0.00000000e+00  -1.14869103e-04  -1.14869103e-04  -1.14869103e-04
  -9.18952826e-05  -1.14869103e-04  -1.14869103e-04  -9.18952826e-05
  -1.14869103e-04  -9.18952826e-05  -1.14869103e-04  -9.18952826e-05
  -1.14869103e-04  -1.14869103e-04  -0.00000000e+00  -1.14869103e-04
  -1.14869103e-04  -9.18952826e-05  -4.59476413e-05  -0.00000000e+00
  -0.00000000e+00  -1.14869103e-04  -0.00000000e+00  -6.89214619e-05
  -0.00000000e+00  -1.14869103e-04  -0.00000000e+00  -6.89214619e-05
  -0.00000000e+00  -1.14869103e-04  -0.00000000e+00  -9.18952826e-05
  -0.00000000e+00  -0.00000000e+00  -6.89214619e-05  -0.00000000e+00
  -1.14869103e-04  -9.18952826e-05  -9.18952826e-05  -1.14869103e-04
  -9.18952826e-05  -9.18952826e-05  -0.00000000e+00  -0.00000000e+00
  -0.00000000e+00  -0.00000000e+00  -6.89214619e-05  -6.89214619e-05
  -0.00000000e+00  -0.00000000e+00  -0.00000000e+00  -9.18952826e-05
  -6.89214619e-05  -0.00000000e+00  -9.18952826e-05  -0.00000000e+00
  -1.14869103e-04  -0.00000000e+00  -0.00000000e+00  -0.00000000e+00
  -9.18952826e-05  -9.18952826e-05  -0.00000000e+00  -0.00000000e+00
  -0.00000000e+00  -6.89214619e-05  -4.59476413e-05  -0.00000000e+00
  -6.89214619e-05  -9.18952826e-05  -0.00000000e+00  -6.89214619e-05
  -0.00000000e+00  -0.00000000e+00  -0.00000000e+00  -0.00000000e+00
  -0.00000000e+00  -0.00000000e+00  -1.14869103e-04]
[-0.04302773 -0.         -0.         -0.         -0.04302773 -0.04302773
 -0.         -0.03442218 -0.02581664 -0.03442218 -0.         -0.03442218
 -0.02581664 -0.         -0.         -0.02581664 -0.         -0.03442218]
[ 0.00413904  0.00413904  0.0103476   0.0103476   0.          0.          0.
  0.          0.00827808  0.00620856  0.00413904  0.          0.00413904
  0.          0.          0.          0.00413904  0.00206952  0.0103476   0.
  0.        ]
[ 0.          0.          0.          0.07629794  0.05086529  0.          0.
  0.          0.07629794  0.          0.          0.          0.07629794
  0.          0.          0.          0.          0.          0.          0.
  0.          0.          0.          0.          0.          0.          0.
  0.        ]
[ 0.00130168  0.00216947  0.          0.00086779  0.00086779  0.
  0.00130168  0.          0.00173557  0.00130168]
[ 0.00137032  0.          0.          0.          0.00109626  0.          0.
  0.          0.          0.          0.          0.          0.          0.
  0.          0.          0.          0.          0.          0.00137032
  0.          0.          0.          0.          0.          0.
  0.00137032  0.00137032  0.          0.00109626  0.          0.          0.
  0.          0.          0.          0.          0.          0.          0.
  0.          0.00109626  0.          0.          0.          0.          0.
  0.          0.00137032  0.          0.          0.          0.          0.
  0.00137032  0.00109626  0.          0.          0.00054813  0.
  0.00082219  0.00082219  0.          0.          0.          0.          0.
  0.          0.          0.          0.00109626  0.          0.00109626
  0.          0.          0.          0.          0.00027406  0.00082219
  0.          0.          0.          0.00082219  0.00082219  0.00109626
  0.          0.          0.          0.          0.          0.          0.
  0.00027406  0.          0.00027406  0.          0.00027406  0.          0.
  0.00082219]
[ 0.          0.          0.          0.03160793  0.          0.02107196
  0.01053598  0.          0.          0.        ]
[ 0.          0.00741848  0.00741848  0.          0.          0.00593478
  0.          0.00593478  0.00741848  0.00445109  0.00296739  0.        ]
[ 0.          0.          0.          0.          0.00171072  0.          0.
  0.          0.          0.00171072  0.          0.          0.          0.
  0.00171072  0.          0.          0.          0.          0.          0.
  0.          0.          0.          0.          0.          0.
  0.00136858  0.          0.          0.          0.00136858  0.00136858
  0.00102643  0.00136858  0.00136858  0.00136858  0.00171072  0.          0.
  0.          0.          0.          0.          0.          0.          0.
  0.          0.          0.          0.          0.          0.          0.
  0.          0.          0.          0.          0.          0.          0.
  0.          0.          0.          0.          0.          0.          0.
  0.          0.          0.          0.          0.          0.          0.
  0.          0.          0.          0.        ]
[  2.51360073e-05   2.51360073e-05   1.00544029e-04   1.00544029e-04
   2.51360073e-05   5.02720145e-05   5.02720145e-05   5.02720145e-05
   2.51360073e-05   2.51360073e-05   7.54080218e-05   7.54080218e-05
   5.02720145e-05   2.51360073e-05   2.51360073e-05   2.51360073e-05
   7.54080218e-05   0.00000000e+00   2.51360073e-05   2.51360073e-05
   0.00000000e+00]
[ -5.97172610e-05  -0.00000000e+00  -4.47879458e-05  -7.46465763e-05
  -4.47879458e-05  -0.00000000e+00  -0.00000000e+00  -0.00000000e+00
  -0.00000000e+00  -0.00000000e+00  -4.47879458e-05  -5.97172610e-05
  -0.00000000e+00  -4.47879458e-05  -5.97172610e-05  -5.97172610e-05
  -4.47879458e-05  -0.00000000e+00  -5.97172610e-05  -7.46465763e-05
  -0.00000000e+00  -2.98586305e-05  -0.00000000e+00  -0.00000000e+00
  -0.00000000e+00  -0.00000000e+00  -0.00000000e+00  -0.00000000e+00
  -0.00000000e+00  -4.47879458e-05  -0.00000000e+00  -0.00000000e+00
  -0.00000000e+00  -4.47879458e-05  -5.97172610e-05  -0.00000000e+00
  -5.97172610e-05  -0.00000000e+00  -0.00000000e+00  -0.00000000e+00
  -4.47879458e-05  -0.00000000e+00  -0.00000000e+00  -4.47879458e-05
  -0.00000000e+00  -0.00000000e+00  -0.00000000e+00  -2.98586305e-05
  -0.00000000e+00  -0.00000000e+00  -0.00000000e+00  -5.97172610e-05
  -0.00000000e+00  -0.00000000e+00  -0.00000000e+00  -0.00000000e+00
  -0.00000000e+00  -0.00000000e+00  -2.98586305e-05  -4.47879458e-05
  -0.00000000e+00  -4.47879458e-05  -0.00000000e+00  -0.00000000e+00
  -7.46465763e-05  -0.00000000e+00  -7.46465763e-05  -0.00000000e+00
  -0.00000000e+00  -4.47879458e-05  -5.97172610e-05  -4.47879458e-05
  -0.00000000e+00  -0.00000000e+00  -5.97172610e-05  -0.00000000e+00
  -4.47879458e-05  -0.00000000e+00  -0.00000000e+00  -0.00000000e+00
  -0.00000000e+00  -4.47879458e-05  -0.00000000e+00  -0.00000000e+00
  -0.00000000e+00  -0.00000000e+00]
[ 0.          0.00200663  0.00100331  0.00050166  0.00150497  0.00250828
  0.00050166  0.00200663  0.00200663  0.00100331  0.00200663  0.00100331
  0.00150497  0.00150497  0.00050166  0.00100331  0.00100331  0.00250828
  0.00100331  0.00250828  0.00250828  0.00150497]
[-0.        -0.        -0.0439964 -0.0329973 -0.        -0.0549955 -0.        -0.
 -0.        -0.0549955 -0.0439964 -0.0439964 -0.        -0.        -0.        -0.
 -0.        -0.        -0.0439964 -0.0439964 -0.0439964 -0.0549955 -0.        -0.
 -0.        -0.        -0.        -0.        -0.        -0.        -0.        -0.
 -0.        -0.0439964 -0.        -0.        -0.        -0.        -0.        -0.       ]
[ 0.          0.          0.          0.          0.          0.          0.
  0.          0.          0.          0.          0.          0.          0.
  0.          0.          0.          0.          0.          0.
  0.00491473  0.          0.          0.          0.00327649  0.          0.
  0.          0.          0.          0.          0.          0.          0.
  0.          0.          0.          0.          0.          0.          0.
  0.          0.          0.          0.00491473  0.00819122  0.          0.
  0.          0.          0.          0.          0.          0.          0.
  0.00819122  0.          0.00819122  0.          0.00819122  0.          0.
  0.          0.          0.          0.00819122  0.          0.
  0.00491473  0.          0.00491473  0.          0.          0.          0.
  0.          0.          0.          0.          0.          0.          0.
  0.          0.          0.          0.          0.          0.          0.
  0.          0.          0.          0.          0.          0.          0.
  0.          0.          0.          0.          0.          0.          0.
  0.          0.          0.          0.          0.          0.          0.
  0.          0.          0.          0.          0.          0.
  0.00491473  0.          0.          0.          0.          0.          0.
  0.          0.          0.          0.          0.00655298  0.00491473
  0.00655298  0.          0.          0.          0.          0.          0.
  0.          0.          0.          0.          0.          0.          0.
  0.          0.          0.          0.00491473  0.          0.
  0.00655298  0.          0.          0.          0.          0.00819122
  0.          0.          0.00655298  0.          0.          0.          0.
  0.          0.          0.00491473  0.          0.          0.          0.
  0.          0.00327649  0.          0.00655298  0.          0.          0.
  0.          0.          0.          0.          0.          0.          0.
  0.          0.00655298  0.          0.          0.00491473  0.
  0.00491473  0.          0.          0.          0.          0.00819122
  0.          0.          0.          0.          0.00491473  0.          0.
  0.          0.          0.          0.00327649  0.          0.          0.
  0.          0.          0.          0.          0.          0.          0.
  0.          0.          0.          0.          0.00655298  0.          0.
  0.00655298  0.          0.          0.          0.          0.          0.
  0.          0.          0.          0.          0.          0.          0.
  0.          0.          0.          0.          0.          0.          0.
  0.          0.          0.00491473  0.          0.          0.          0.
  0.          0.00655298  0.          0.          0.00655298  0.          0.
  0.          0.          0.          0.          0.          0.          0.
  0.          0.          0.          0.          0.          0.          0.
  0.          0.          0.          0.          0.          0.          0.
  0.          0.00819122  0.          0.          0.          0.          0.
  0.          0.          0.          0.          0.          0.          0.
  0.          0.          0.          0.          0.          0.          0.
  0.          0.          0.          0.          0.          0.          0.
  0.          0.          0.          0.          0.          0.          0.
  0.          0.00327649  0.00655298  0.          0.          0.
  0.00327649  0.          0.          0.          0.          0.          0.
  0.          0.          0.          0.          0.          0.
  0.00655298  0.          0.          0.          0.          0.          0.
  0.          0.          0.          0.          0.          0.          0.
  0.          0.          0.00491473  0.          0.          0.          0.
  0.          0.          0.          0.          0.          0.          0.
  0.          0.          0.        ]
[ 0.          0.00671614  0.          0.          0.          0.00895485
  0.00447742  0.00895485  0.00671614  0.          0.00447742  0.01119356
  0.00447742  0.00671614  0.00223871  0.00223871  0.00895485  0.00895485
  0.00447742  0.00671614  0.00895485  0.          0.00671614  0.
  0.00671614  0.00671614  0.00447742  0.          0.00671614  0.00671614
  0.00671614  0.          0.          0.          0.00895485  0.00223871
  0.          0.          0.00223871  0.00223871  0.          0.00671614
  0.01119356  0.00223871  0.00447742  0.00447742  0.00671614  0.00447742
  0.          0.00671614  0.00447742  0.          0.          0.          0.
  0.          0.        ]
[ 0.01788355  0.          0.02235444  0.01788355  0.01788355  0.
  0.02235444  0.02235444  0.01788355  0.01788355  0.          0.01788355
  0.          0.02235444  0.          0.02235444  0.01341266  0.          0.
  0.          0.02235444  0.02235444  0.02235444  0.01788355  0.01788355
  0.01788355  0.          0.02235444  0.02235444  0.02235444  0.02235444
  0.01341266  0.          0.          0.          0.          0.01341266
  0.          0.          0.02235444  0.01788355  0.          0.02235444
  0.02235444  0.01788355  0.02235444  0.02235444  0.02235444  0.02235444
  0.02235444  0.01788355  0.01788355  0.01341266  0.02235444  0.02235444
  0.01788355  0.01788355  0.01788355  0.02235444  0.          0.01788355
  0.01788355  0.02235444  0.01341266  0.          0.          0.          0.
  0.02235444  0.01341266  0.          0.02235444  0.01788355  0.
  0.01341266  0.00894178  0.00894178  0.          0.02235444  0.02235444
  0.02235444  0.01788355  0.02235444  0.02235444  0.          0.01788355
  0.          0.02235444  0.00894178  0.          0.01341266  0.02235444
  0.          0.02235444  0.00894178  0.01341266  0.01788355  0.          0.
  0.          0.01788355  0.02235444  0.          0.02235444  0.01788355
  0.01788355  0.          0.          0.02235444  0.01788355  0.          0.
  0.          0.          0.          0.00894178  0.00894178  0.
  0.00894178  0.          0.01788355  0.          0.          0.          0.
  0.          0.01788355  0.01341266  0.01788355  0.01341266  0.01788355
  0.02235444  0.          0.01788355  0.01788355  0.          0.          0.
  0.          0.          0.          0.          0.        ]
[-0. -0. -0. -0. -0. -0. -0. -0. -0. -0. -0. -0. -0. -0. -0. -0. -0. -0.
 -0. -0. -0. -0. -0. -0. -0. -0. -0. -0. -0. -0. -0. -0. -0. -0. -0. -0.
 -0. -0. -0. -0. -0. -0. -0. -0. -0. -0. -0. -0. -0. -0. -0. -0. -0. -0.
 -0. -0. -0. -0. -0. -0. -0. -0. -0. -0. -0. -0. -0. -0. -0. -0. -0. -0.
 -0. -0. -0. -0. -0. -0. -0. -0. -0. -0. -0. -0. -0. -0. -0. -0. -0. -0.
 -0. -0. -0. -0. -0. -0. -0. -0. -0. -0. -0. -0. -0. -0.]
[-0.00222211 -0.00222211 -0.         -0.00166659 -0.         -0.00166659
 -0.         -0.         -0.         -0.00166659 -0.         -0.
 -0.00222211 -0.00222211 -0.00222211 -0.         -0.         -0.00166659
 -0.         -0.00166659 -0.         -0.         -0.         -0.00222211
 -0.         -0.00222211 -0.00277764 -0.         -0.         -0.         -0.
 -0.00222211 -0.         -0.         -0.00222211 -0.         -0.         -0.
 -0.         -0.         -0.         -0.         -0.         -0.00222211
 -0.         -0.         -0.00277764 -0.00222211 -0.         -0.00166659
 -0.00222211 -0.         -0.         -0.00222211 -0.00222211 -0.00222211
 -0.         -0.         -0.         -0.00222211 -0.         -0.00166659
 -0.00166659 -0.         -0.         -0.         -0.         -0.         -0.
 -0.         -0.         -0.         -0.         -0.         -0.         -0.
 -0.         -0.00222211 -0.00055553 -0.         -0.         -0.00222211
 -0.         -0.         -0.         -0.         -0.         -0.
 -0.00111106 -0.         -0.00222211 -0.         -0.         -0.
 -0.00222211 -0.00222211 -0.         -0.         -0.         -0.         -0.
 -0.         -0.         -0.         -0.         -0.00166659 -0.
 -0.00222211 -0.00222211 -0.         -0.         -0.         -0.         -0.
 -0.         -0.         -0.00222211 -0.         -0.         -0.
 -0.00222211 -0.00166659 -0.         -0.         -0.         -0.         -0.
 -0.         -0.         -0.         -0.         -0.         -0.         -0.
 -0.         -0.         -0.         -0.         -0.         -0.         -0.
 -0.00222211 -0.         -0.         -0.00222211 -0.00055553 -0.         -0.
 -0.         -0.         -0.         -0.00166659 -0.         -0.         -0.
 -0.         -0.00111106 -0.         -0.         -0.         -0.         -0.
 -0.         -0.         -0.         -0.         -0.         -0.         -0.        ]
[ 0.00665115  0.          0.00665115  0.00498837  0.00498837  0.00665115
  0.00831394  0.          0.          0.          0.          0.00332558
  0.00498837  0.          0.          0.          0.00665115  0.          0.
  0.00831394  0.          0.00665115  0.00831394  0.00665115  0.00498837
  0.00665115  0.00665115  0.00498837  0.          0.00498837  0.00665115
  0.00665115  0.00498837  0.          0.          0.          0.00831394
  0.00498837  0.          0.00665115  0.          0.00665115  0.
  0.00665115  0.00498837  0.00665115  0.          0.          0.
  0.00166279  0.          0.          0.00498837  0.00498837  0.00332558
  0.          0.          0.          0.          0.          0.          0.
  0.00498837  0.          0.          0.00332558  0.00498837  0.
  0.00166279  0.          0.          0.          0.          0.          0.
  0.          0.          0.00665115  0.          0.00498837  0.          0.
  0.          0.00166279  0.          0.00332558  0.00498837  0.00332558
  0.00498837  0.          0.          0.          0.          0.00498837
  0.00498837  0.          0.00332558  0.          0.00665115  0.          0.
  0.00665115  0.          0.00166279  0.          0.          0.          0.
  0.00498837  0.00498837  0.00665115  0.00498837  0.          0.00332558
  0.          0.          0.          0.          0.          0.          0.
  0.          0.          0.          0.00498837]
[ 0.02862191  0.          0.02862191  0.03577739  0.02862191  0.
  0.02862191  0.03577739  0.03577739  0.02862191  0.          0.03577739
  0.02862191  0.02862191  0.          0.          0.03577739  0.02862191
  0.02146643  0.          0.02862191  0.01431096  0.          0.
  0.02862191  0.          0.02862191  0.03577739  0.01431096  0.02862191
  0.01431096  0.00715548  0.          0.02862191  0.02862191  0.02862191
  0.02146643  0.03577739  0.03577739  0.          0.02862191  0.02862191
  0.03577739  0.03577739  0.02862191  0.          0.03577739  0.02862191
  0.02862191  0.          0.02862191  0.02862191  0.          0.02862191
  0.01431096  0.02862191  0.03577739  0.02146643  0.02146643  0.
  0.02862191  0.          0.02146643  0.03577739  0.          0.02862191
  0.02862191  0.02862191  0.02146643  0.02862191  0.          0.
  0.02862191  0.          0.02146643  0.00715548  0.02146643  0.
  0.02862191  0.          0.02146643  0.02862191  0.          0.
  0.02862191  0.02862191  0.02862191  0.02862191  0.03577739  0.          0.
  0.          0.          0.          0.          0.03577739  0.
  0.03577739  0.          0.          0.          0.03577739  0.03577739
  0.          0.02146643  0.          0.02146643  0.          0.02862191
  0.          0.02862191  0.          0.02862191  0.          0.02862191
  0.02146643  0.          0.          0.          0.          0.02862191
  0.02862191  0.          0.02146643  0.02862191  0.00715548  0.          0.
  0.          0.02146643  0.02862191  0.02862191  0.          0.
  0.01431096  0.          0.          0.          0.02146643  0.
  0.03577739  0.          0.          0.        ]
[-0.00487891 -0.         -0.0016263  -0.00813152 -0.00325261 -0.00813152
 -0.00813152 -0.         -0.00650522 -0.00325261 -0.00487891 -0.00487891
 -0.00813152 -0.00813152 -0.00813152 -0.00813152 -0.00650522 -0.
 -0.00487891 -0.00487891 -0.00650522 -0.00813152 -0.         -0.
 -0.00487891 -0.00813152 -0.00650522 -0.00650522 -0.00487891 -0.00650522
 -0.00650522 -0.00813152 -0.         -0.00813152 -0.00813152 -0.00813152
 -0.         -0.00813152 -0.00487891 -0.00813152 -0.00325261 -0.00813152
 -0.00487891 -0.00487891 -0.         -0.00813152 -0.00650522 -0.00650522
 -0.00813152 -0.0016263  -0.00650522 -0.00325261 -0.00650522 -0.00325261
 -0.00650522 -0.00650522 -0.00650522 -0.00650522 -0.00487891 -0.00813152
 -0.         -0.00813152 -0.00813152 -0.00813152 -0.00487891 -0.00813152
 -0.00650522 -0.00813152 -0.00650522 -0.00650522 -0.00813152 -0.00813152
 -0.00650522 -0.00650522 -0.00650522 -0.00813152 -0.00813152 -0.00813152
 -0.00487891 -0.00650522 -0.         -0.00650522 -0.00650522 -0.00487891
 -0.         -0.00487891 -0.0016263  -0.00487891 -0.00650522 -0.00650522
 -0.         -0.00487891 -0.00650522 -0.00813152 -0.00325261 -0.00650522
 -0.         -0.00650522 -0.0016263  -0.00650522 -0.00650522 -0.00813152
 -0.00650522 -0.         -0.         -0.         -0.         -0.         -0.
 -0.         -0.         -0.         -0.         -0.         -0.         -0.
 -0.         -0.         -0.         -0.         -0.         -0.         -0.
 -0.         -0.         -0.         -0.         -0.         -0.         -0.
 -0.         -0.         -0.         -0.         -0.         -0.         -0.
 -0.         -0.         -0.         -0.         -0.         -0.         -0.
 -0.         -0.         -0.         -0.         -0.         -0.         -0.
 -0.         -0.         -0.         -0.         -0.         -0.         -0.
 -0.         -0.         -0.         -0.         -0.         -0.         -0.
 -0.         -0.         -0.         -0.         -0.         -0.         -0.
 -0.         -0.         -0.         -0.         -0.         -0.         -0.
 -0.         -0.         -0.         -0.         -0.         -0.         -0.
 -0.         -0.         -0.         -0.         -0.         -0.         -0.
 -0.         -0.         -0.         -0.         -0.         -0.         -0.
 -0.         -0.         -0.         -0.         -0.         -0.         -0.
 -0.         -0.         -0.        ]
[ -0.00000000e+00  -0.00000000e+00  -4.26148577e-05  -0.00000000e+00
  -0.00000000e+00  -0.00000000e+00  -0.00000000e+00  -0.00000000e+00
  -4.26148577e-05  -0.00000000e+00  -0.00000000e+00  -5.32685721e-05
  -0.00000000e+00  -2.13074288e-05  -0.00000000e+00  -0.00000000e+00
  -5.32685721e-05  -0.00000000e+00  -0.00000000e+00  -0.00000000e+00
  -0.00000000e+00  -0.00000000e+00  -0.00000000e+00  -5.32685721e-05
  -5.32685721e-05  -0.00000000e+00  -4.26148577e-05  -0.00000000e+00
  -0.00000000e+00  -5.32685721e-05  -0.00000000e+00  -4.26148577e-05
  -0.00000000e+00  -5.32685721e-05  -0.00000000e+00  -5.32685721e-05
  -0.00000000e+00  -0.00000000e+00  -0.00000000e+00  -0.00000000e+00
  -0.00000000e+00  -5.32685721e-05  -0.00000000e+00  -0.00000000e+00
  -0.00000000e+00  -5.32685721e-05  -5.32685721e-05  -0.00000000e+00
  -1.06537144e-05  -3.19611433e-05  -4.26148577e-05  -0.00000000e+00
  -0.00000000e+00  -5.32685721e-05  -0.00000000e+00  -2.13074288e-05
  -0.00000000e+00  -5.32685721e-05  -0.00000000e+00  -5.32685721e-05
  -0.00000000e+00  -5.32685721e-05  -0.00000000e+00  -0.00000000e+00
  -4.26148577e-05  -0.00000000e+00  -0.00000000e+00  -0.00000000e+00
  -5.32685721e-05  -0.00000000e+00  -5.32685721e-05  -4.26148577e-05
  -5.32685721e-05  -0.00000000e+00  -4.26148577e-05  -0.00000000e+00
  -5.32685721e-05  -5.32685721e-05  -0.00000000e+00  -5.32685721e-05
  -0.00000000e+00  -0.00000000e+00  -5.32685721e-05  -0.00000000e+00
  -0.00000000e+00  -5.32685721e-05  -0.00000000e+00  -0.00000000e+00
  -0.00000000e+00  -0.00000000e+00  -0.00000000e+00  -0.00000000e+00
  -0.00000000e+00  -4.26148577e-05  -0.00000000e+00  -4.26148577e-05
  -4.26148577e-05  -0.00000000e+00  -4.26148577e-05  -0.00000000e+00
  -0.00000000e+00  -0.00000000e+00  -0.00000000e+00  -0.00000000e+00
  -0.00000000e+00  -0.00000000e+00  -3.19611433e-05  -0.00000000e+00
  -0.00000000e+00  -0.00000000e+00  -0.00000000e+00  -3.19611433e-05
  -0.00000000e+00  -5.32685721e-05  -0.00000000e+00  -0.00000000e+00
  -0.00000000e+00  -0.00000000e+00  -0.00000000e+00  -0.00000000e+00
  -0.00000000e+00  -4.26148577e-05  -0.00000000e+00  -0.00000000e+00
  -0.00000000e+00]
[ -4.30978769e-04  -0.00000000e+00  -0.00000000e+00  -8.61957539e-05
  -0.00000000e+00  -4.30978769e-04  -0.00000000e+00  -3.44783015e-04
  -3.44783015e-04  -4.30978769e-04  -4.30978769e-04  -0.00000000e+00
  -2.58587262e-04  -8.61957539e-05  -3.44783015e-04  -3.44783015e-04
  -3.44783015e-04  -2.58587262e-04  -1.72391508e-04  -2.58587262e-04
  -0.00000000e+00  -4.30978769e-04  -4.30978769e-04  -3.44783015e-04
  -0.00000000e+00  -2.58587262e-04  -3.44783015e-04  -1.72391508e-04
  -3.44783015e-04  -1.72391508e-04  -3.44783015e-04  -3.44783015e-04
  -1.72391508e-04  -4.30978769e-04  -1.72391508e-04  -0.00000000e+00
  -0.00000000e+00  -0.00000000e+00  -0.00000000e+00  -0.00000000e+00
  -0.00000000e+00  -0.00000000e+00  -0.00000000e+00  -0.00000000e+00
  -0.00000000e+00  -0.00000000e+00  -0.00000000e+00  -0.00000000e+00
  -0.00000000e+00  -0.00000000e+00  -0.00000000e+00  -0.00000000e+00
  -0.00000000e+00  -0.00000000e+00  -0.00000000e+00  -0.00000000e+00
  -0.00000000e+00  -0.00000000e+00  -0.00000000e+00  -0.00000000e+00
  -0.00000000e+00  -0.00000000e+00  -0.00000000e+00  -0.00000000e+00
  -0.00000000e+00  -0.00000000e+00  -0.00000000e+00  -0.00000000e+00
  -0.00000000e+00  -0.00000000e+00  -0.00000000e+00  -0.00000000e+00
  -0.00000000e+00  -0.00000000e+00  -0.00000000e+00  -0.00000000e+00
  -0.00000000e+00  -0.00000000e+00  -0.00000000e+00]
[ 0.00635088  0.00423392  0.          0.00846784  0.          0.00635088
  0.          0.          0.          0.          0.00846784  0.          0.
  0.          0.          0.          0.00846784  0.00635088  0.          0.0105848
  0.0105848   0.00635088  0.00423392  0.00423392  0.          0.00211696
  0.0105848   0.00846784  0.00423392  0.00635088  0.          0.00635088
  0.          0.          0.          0.          0.          0.          0.        ]
[-0.00023142 -0.00017357 -0.00028928 -0.00011571 -0.00028928 -0.         -0.
 -0.         -0.         -0.         -0.        ]
[-0.00271849 -0.01087396 -0.01359245 -0.         -0.01359245 -0.
 -0.00271849 -0.         -0.00543698 -0.01359245 -0.00271849 -0.01087396
 -0.00543698 -0.00815547 -0.         -0.00815547 -0.00271849 -0.00815547
 -0.00271849]
[ 0.          0.          0.          0.11948806  0.          0.          0.
  0.          0.          0.          0.          0.          0.          0.
  0.          0.          0.          0.11948806  0.          0.          0.
  0.          0.          0.07169283  0.11948806  0.11948806  0.          0.
  0.          0.          0.          0.          0.          0.          0.
  0.          0.          0.          0.          0.          0.
  0.11948806  0.07169283  0.11948806  0.          0.          0.          0.
  0.          0.09559045  0.          0.          0.          0.          0.
  0.          0.          0.          0.          0.          0.          0.
  0.          0.          0.          0.          0.          0.07169283
  0.          0.          0.          0.          0.          0.
  0.07169283  0.          0.          0.        ]
[-0. -0. -0. -0. -0. -0. -0. -0. -0. -0. -0. -0. -0. -0. -0. -0. -0. -0.
 -0. -0. -0. -0. -0. -0. -0. -0. -0.]
[ -9.47317349e-05  -7.10488012e-05  -7.10488012e-05  -1.18414669e-04
  -1.18414669e-04  -1.18414669e-04  -0.00000000e+00  -1.18414669e-04
  -1.18414669e-04  -9.47317349e-05  -7.10488012e-05  -9.47317349e-05
  -0.00000000e+00  -0.00000000e+00  -7.10488012e-05  -4.73658674e-05
  -0.00000000e+00  -7.10488012e-05  -7.10488012e-05  -0.00000000e+00
  -7.10488012e-05  -9.47317349e-05  -7.10488012e-05  -9.47317349e-05
  -7.10488012e-05  -7.10488012e-05  -0.00000000e+00  -9.47317349e-05
  -9.47317349e-05  -7.10488012e-05  -0.00000000e+00  -7.10488012e-05
  -0.00000000e+00  -0.00000000e+00  -0.00000000e+00  -2.36829337e-05
  -0.00000000e+00  -0.00000000e+00  -0.00000000e+00  -0.00000000e+00
  -7.10488012e-05  -7.10488012e-05  -0.00000000e+00  -9.47317349e-05
  -0.00000000e+00  -7.10488012e-05  -7.10488012e-05  -0.00000000e+00
  -9.47317349e-05  -0.00000000e+00  -9.47317349e-05  -0.00000000e+00
  -0.00000000e+00  -0.00000000e+00  -7.10488012e-05  -0.00000000e+00
  -4.73658674e-05  -0.00000000e+00]
[ 0.          0.          0.          0.          0.          0.          0.
  0.03550594  0.          0.02130356  0.          0.          0.          0.
  0.03550594  0.          0.          0.          0.          0.          0.
  0.          0.          0.          0.          0.          0.          0.
  0.          0.03550594  0.          0.          0.          0.          0.
  0.          0.          0.          0.          0.          0.          0.
  0.          0.          0.          0.          0.          0.          0.
  0.          0.          0.          0.          0.          0.          0.
  0.          0.          0.          0.          0.          0.          0.
  0.          0.          0.          0.          0.          0.          0.
  0.          0.          0.        ]
[ 0.          0.          0.          0.          0.          0.00144255
  0.          0.          0.          0.          0.          0.          0.
  0.          0.          0.          0.          0.00086553  0.00086553
  0.          0.          0.          0.          0.00144255  0.          0.        ]
[-0.00903665 -0.         -0.00677749 -0.         -0.00677749 -0.00677749
 -0.         -0.00677749 -0.         -0.00903665 -0.         -0.         -0.
 -0.00903665 -0.00903665 -0.00677749 -0.00903665 -0.00677749 -0.00903665
 -0.00903665 -0.         -0.         -0.00451832 -0.00903665 -0.01129581
 -0.         -0.00903665 -0.00451832 -0.00451832 -0.00677749 -0.01129581
 -0.01129581 -0.         -0.         -0.00677749 -0.         -0.         -0.
 -0.01129581 -0.00903665 -0.         -0.         -0.         -0.00903665
 -0.00903665 -0.00903665 -0.         -0.         -0.         -0.         -0.
 -0.00903665 -0.         -0.         -0.         -0.         -0.
 -0.00677749 -0.         -0.01129581 -0.01129581 -0.         -0.         -0.
 -0.         -0.01129581 -0.01129581 -0.         -0.         -0.00451832
 -0.00677749 -0.00903665 -0.         -0.00903665 -0.         -0.00903665
 -0.         -0.         -0.         -0.01129581 -0.         -0.00903665
 -0.         -0.00903665 -0.         -0.         -0.00903665 -0.00677749
 -0.         -0.00903665 -0.01129581 -0.00903665 -0.00677749 -0.         -0.
 -0.         -0.        ]
[ 0.15031391  0.12025112  0.          0.15031391  0.          0.          0.
  0.          0.15031391  0.15031391  0.          0.          0.          0.
  0.          0.          0.          0.          0.          0.          0.
  0.          0.          0.          0.          0.          0.          0.
  0.        ]
[ 0.0047032   0.          0.0047032   0.          0.          0.0047032
  0.0047032   0.0047032   0.00282192  0.00282192  0.0047032   0.0047032
  0.0047032   0.0047032   0.00376256  0.00376256  0.0047032   0.          0.
  0.          0.          0.          0.          0.          0.          0.
  0.          0.          0.          0.          0.          0.          0.
  0.          0.          0.          0.        ]
[ 0.0036281   0.          0.00604683  0.0036281   0.00604683  0.00483746
  0.          0.          0.00604683  0.00241873  0.00483746  0.00604683
  0.0036281   0.00483746  0.00120937  0.          0.        ]
[ -0.00000000e+00  -0.00000000e+00  -0.00000000e+00  -4.67794420e-05
  -4.67794420e-05  -0.00000000e+00  -0.00000000e+00  -0.00000000e+00
  -0.00000000e+00  -3.74235536e-05  -4.67794420e-05  -2.80676652e-05
  -0.00000000e+00  -0.00000000e+00  -0.00000000e+00  -0.00000000e+00
  -0.00000000e+00  -1.87117768e-05  -4.67794420e-05  -0.00000000e+00
  -4.67794420e-05  -0.00000000e+00  -3.74235536e-05  -0.00000000e+00
  -0.00000000e+00  -4.67794420e-05  -2.80676652e-05  -2.80676652e-05
  -3.74235536e-05  -3.74235536e-05  -2.80676652e-05  -0.00000000e+00
  -2.80676652e-05  -0.00000000e+00  -4.67794420e-05  -4.67794420e-05
  -4.67794420e-05  -0.00000000e+00  -0.00000000e+00  -1.87117768e-05
  -0.00000000e+00  -4.67794420e-05  -0.00000000e+00  -0.00000000e+00
  -0.00000000e+00  -4.67794420e-05  -4.67794420e-05  -3.74235536e-05
  -2.80676652e-05  -4.67794420e-05  -3.74235536e-05  -0.00000000e+00
  -4.67794420e-05  -4.67794420e-05  -3.74235536e-05  -2.80676652e-05
  -3.74235536e-05  -4.67794420e-05  -3.74235536e-05  -4.67794420e-05
  -4.67794420e-05  -4.67794420e-05  -4.67794420e-05  -3.74235536e-05
  -3.74235536e-05  -0.00000000e+00  -0.00000000e+00  -4.67794420e-05
  -3.74235536e-05  -2.80676652e-05  -2.80676652e-05  -0.00000000e+00
  -4.67794420e-05  -0.00000000e+00  -0.00000000e+00  -0.00000000e+00
  -0.00000000e+00  -0.00000000e+00  -3.74235536e-05  -9.35588841e-06
  -0.00000000e+00  -3.74235536e-05  -0.00000000e+00  -0.00000000e+00
  -0.00000000e+00  -0.00000000e+00  -0.00000000e+00  -0.00000000e+00
  -0.00000000e+00  -0.00000000e+00  -0.00000000e+00  -0.00000000e+00
  -0.00000000e+00  -0.00000000e+00  -0.00000000e+00  -4.67794420e-05
  -3.74235536e-05  -2.80676652e-05  -3.74235536e-05  -2.80676652e-05
  -0.00000000e+00  -3.74235536e-05  -0.00000000e+00  -0.00000000e+00
  -3.74235536e-05  -4.67794420e-05  -0.00000000e+00  -4.67794420e-05
  -2.80676652e-05  -3.74235536e-05  -3.74235536e-05  -4.67794420e-05
  -2.80676652e-05  -3.74235536e-05  -0.00000000e+00  -0.00000000e+00
  -0.00000000e+00  -4.67794420e-05  -4.67794420e-05  -4.67794420e-05
  -1.87117768e-05  -3.74235536e-05  -4.67794420e-05  -3.74235536e-05
  -3.74235536e-05  -4.67794420e-05  -0.00000000e+00  -4.67794420e-05
  -9.35588841e-06  -4.67794420e-05  -0.00000000e+00  -4.67794420e-05
  -0.00000000e+00  -2.80676652e-05  -3.74235536e-05  -3.74235536e-05
  -2.80676652e-05  -2.80676652e-05  -2.80676652e-05  -4.67794420e-05
  -4.67794420e-05  -3.74235536e-05  -9.35588841e-06  -0.00000000e+00
  -0.00000000e+00  -0.00000000e+00  -0.00000000e+00  -0.00000000e+00
  -0.00000000e+00  -0.00000000e+00  -0.00000000e+00  -0.00000000e+00
  -0.00000000e+00  -0.00000000e+00  -0.00000000e+00  -0.00000000e+00
  -0.00000000e+00  -0.00000000e+00  -0.00000000e+00  -0.00000000e+00
  -0.00000000e+00  -0.00000000e+00  -0.00000000e+00  -0.00000000e+00
  -0.00000000e+00  -0.00000000e+00  -0.00000000e+00  -0.00000000e+00
  -0.00000000e+00  -0.00000000e+00  -0.00000000e+00  -0.00000000e+00
  -0.00000000e+00  -0.00000000e+00  -0.00000000e+00  -0.00000000e+00
  -0.00000000e+00]
[ 0.          0.01840027  0.02300033  0.02300033  0.02300033  0.          0.
  0.          0.          0.01840027  0.          0.          0.          0.
  0.02300033  0.01840027  0.          0.          0.0138002   0.01840027]
[ 0.0030748   0.00184488  0.          0.00245984  0.00245984  0.          0.
  0.          0.00245984  0.          0.          0.          0.          0.
  0.0030748   0.          0.          0.0030748   0.00245984  0.00245984
  0.          0.          0.00245984  0.00245984  0.00184488  0.
  0.00245984  0.          0.00245984  0.00245984  0.          0.          0.
  0.00245984  0.0030748   0.          0.00184488  0.00245984  0.          0.
  0.          0.          0.          0.00245984  0.00245984  0.00245984
  0.00245984  0.          0.00245984  0.          0.          0.00245984
  0.0030748   0.          0.          0.00245984  0.00245984  0.
  0.00245984  0.0030748   0.00245984  0.00245984  0.00245984  0.          0.0030748
  0.          0.          0.          0.00245984  0.00245984  0.          0.
  0.          0.00245984  0.00184488  0.0030748   0.00245984  0.00245984
  0.0030748   0.00245984  0.00245984  0.00245984  0.          0.00245984
  0.00245984  0.00245984  0.          0.          0.          0.          0.
  0.          0.          0.0030748   0.          0.00245984  0.          0.
  0.          0.          0.          0.          0.          0.          0.
  0.          0.          0.          0.          0.          0.          0.
  0.          0.          0.          0.          0.00245984  0.          0.
  0.00245984  0.00184488  0.          0.0030748   0.0030748   0.00245984
  0.          0.          0.          0.          0.          0.0030748   0.
  0.00184488  0.00245984  0.          0.          0.0030748   0.          0.
  0.0030748   0.00245984  0.00245984  0.0030748   0.00184488  0.          0.
  0.0030748   0.00184488  0.          0.0030748   0.00245984  0.00245984
  0.00245984  0.0030748   0.00245984  0.00245984  0.          0.          0.
  0.          0.0030748   0.          0.          0.00245984  0.00245984
  0.          0.          0.          0.          0.          0.
  0.00245984  0.          0.00245984  0.00184488  0.          0.          0.
  0.0030748   0.00184488  0.          0.00245984  0.0030748   0.          0.
  0.          0.          0.          0.          0.          0.00245984
  0.00245984  0.00245984  0.          0.          0.00245984  0.          0.
  0.          0.          0.00245984  0.00245984  0.          0.00245984
  0.          0.0030748   0.0030748   0.          0.          0.          0.
  0.          0.          0.          0.          0.          0.          0.
  0.          0.          0.          0.        ]
[ 0.02877774  0.          0.          0.          0.02877774  0.03597217
  0.        ]
[ -0.00000000e+00  -0.00000000e+00  -1.02439048e-06  -1.02439048e-06
  -1.02439048e-06  -0.00000000e+00  -1.02439048e-06  -0.00000000e+00
  -0.00000000e+00  -0.00000000e+00  -1.02439048e-06  -0.00000000e+00
  -1.28048810e-06  -0.00000000e+00  -0.00000000e+00  -1.28048810e-06
  -0.00000000e+00  -0.00000000e+00  -0.00000000e+00  -0.00000000e+00
  -0.00000000e+00  -0.00000000e+00  -0.00000000e+00  -0.00000000e+00
  -1.02439048e-06  -0.00000000e+00  -0.00000000e+00  -0.00000000e+00
  -0.00000000e+00  -0.00000000e+00  -0.00000000e+00  -0.00000000e+00
  -0.00000000e+00  -0.00000000e+00  -7.68292860e-07  -0.00000000e+00
  -0.00000000e+00  -0.00000000e+00  -0.00000000e+00  -0.00000000e+00
  -7.68292860e-07  -0.00000000e+00  -0.00000000e+00  -0.00000000e+00
  -0.00000000e+00  -1.02439048e-06  -0.00000000e+00  -0.00000000e+00]
[-0.         -0.         -0.         -0.13334595 -0.         -0.13334595
 -0.16668244 -0.13334595 -0.16668244 -0.16668244 -0.16668244 -0.         -0.
 -0.         -0.         -0.10000947 -0.         -0.13334595 -0.         -0.        ]
[ 0.          0.          0.          0.          0.          0.          0.
  0.0064677   0.          0.0064677   0.          0.00161693  0.          0.
  0.          0.          0.          0.0064677   0.0064677   0.          0.
  0.          0.          0.00485078  0.          0.          0.          0.
  0.00485078  0.          0.          0.0064677   0.          0.0064677   0.
  0.0064677   0.          0.          0.          0.0064677   0.00485078
  0.          0.0064677   0.          0.          0.          0.00808463
  0.          0.0064677   0.          0.          0.          0.          0.
  0.          0.          0.          0.          0.          0.0064677   0.
  0.          0.          0.00808463  0.          0.          0.0064677   0.
  0.          0.          0.          0.          0.        ]
[ 0.03843081  0.03074464  0.01537232  0.03843081  0.          0.03843081
  0.03074464  0.          0.03074464  0.          0.          0.03074464
  0.03843081  0.03843081  0.03074464  0.03843081  0.03843081  0.03843081
  0.          0.          0.          0.          0.          0.03843081
  0.03074464  0.03843081  0.          0.          0.          0.03074464
  0.          0.03843081  0.03074464  0.          0.03074464  0.          0.
  0.          0.03843081  0.03843081  0.          0.          0.03074464
  0.03074464  0.          0.          0.          0.03843081  0.          0.
  0.03074464  0.          0.          0.03843081  0.          0.          0.
  0.          0.          0.03843081  0.          0.          0.03074464
  0.          0.03843081  0.03843081  0.03074464  0.          0.          0.
  0.          0.03074464  0.          0.          0.03843081  0.          0.
  0.          0.          0.          0.03074464  0.03074464  0.
  0.03074464  0.          0.          0.          0.03843081  0.03843081
  0.          0.          0.03843081  0.          0.03843081  0.
  0.02305848  0.          0.          0.03843081  0.          0.02305848
  0.          0.03074464  0.          0.03843081  0.          0.          0.
  0.          0.          0.03074464  0.          0.02305848  0.
  0.03843081  0.          0.          0.          0.          0.          0.
  0.          0.          0.          0.          0.02305848  0.          0.
  0.03074464  0.02305848  0.          0.          0.03074464  0.          0.
  0.        ]
[ 0.          0.00100379  0.00125473  0.00100379  0.          0.00075284
  0.          0.          0.          0.00125473  0.00125473  0.
  0.00125473  0.          0.          0.          0.00125473  0.00125473
  0.          0.          0.          0.          0.00125473  0.          0.
  0.          0.          0.          0.          0.          0.          0.
  0.          0.00100379  0.          0.          0.        ]
[ 0.          0.          0.0232971   0.          0.          0.          0.
  0.          0.          0.0232971   0.          0.          0.          0.
  0.0232971   0.          0.          0.0232971   0.0232971   0.          0.
  0.          0.          0.          0.          0.          0.          0.
  0.          0.          0.          0.          0.01397826  0.        ]
[ 0.          0.          0.0008624   0.          0.          0.00068992
  0.          0.00068992  0.          0.          0.          0.        ]
[-0.         -0.         -0.         -0.00671829 -0.         -0.         -0.
 -0.00671829 -0.00537464 -0.00671829 -0.00671829 -0.         -0.00671829
 -0.00403098 -0.00403098 -0.         -0.         -0.         -0.         -0.
 -0.         -0.         -0.00537464 -0.         -0.         -0.         -0.
 -0.00537464 -0.00403098 -0.00403098 -0.00537464 -0.         -0.00537464
 -0.         -0.00671829 -0.00671829 -0.         -0.        ]
[ 0.00066014  0.0004951   0.00066014  0.0004951   0.          0.00033007
  0.0004951   0.          0.          0.          0.          0.0004951
  0.00066014  0.00066014  0.00066014  0.00066014  0.0004951   0.          0.
  0.          0.00066014  0.          0.00066014  0.          0.0004951   0.
  0.          0.          0.          0.          0.00033007  0.00082517
  0.          0.00082517  0.00066014  0.          0.00066014  0.
  0.00066014  0.0004951   0.          0.          0.          0.00016503
  0.          0.          0.          0.          0.          0.          0.
  0.0004951   0.00033007  0.          0.00066014  0.          0.          0.
  0.          0.00016503  0.          0.          0.          0.0004951   0.
  0.          0.          0.          0.          0.          0.          0.0004951
  0.          0.          0.          0.          0.          0.          0.
  0.00082517  0.0004951   0.          0.          0.          0.          0.
  0.          0.          0.          0.          0.          0.          0.
  0.          0.          0.        ]
[-0.         -0.00559774 -0.01119548 -0.00559774 -0.01119548 -0.01119548
 -0.00559774 -0.         -0.         -0.01399435 -0.01119548]
[-0.         -0.         -0.00292167 -0.         -0.00219126 -0.         -0.
 -0.         -0.         -0.00292167 -0.         -0.         -0.         -0.
 -0.00292167 -0.         -0.         -0.         -0.         -0.         -0.
 -0.00365209 -0.         -0.         -0.00219126 -0.         -0.         -0.
 -0.         -0.         -0.         -0.         -0.         -0.         -0.
 -0.         -0.00219126 -0.         -0.         -0.         -0.         -0.
 -0.         -0.         -0.         -0.         -0.         -0.         -0.
 -0.00219126 -0.         -0.         -0.00146084 -0.         -0.         -0.
 -0.         -0.         -0.         -0.         -0.         -0.         -0.
 -0.         -0.         -0.         -0.         -0.00292167 -0.         -0.
 -0.         -0.         -0.         -0.         -0.         -0.         -0.
 -0.         -0.         -0.         -0.         -0.         -0.         -0.
 -0.         -0.         -0.         -0.         -0.         -0.         -0.
 -0.         -0.         -0.         -0.        ]
[-0.00153442 -0.00153442 -0.         -0.00255737 -0.00255737 -0.00051147
 -0.00051147 -0.         -0.         -0.         -0.00204589 -0.
 -0.00153442 -0.00255737 -0.         -0.00255737 -0.         -0.00204589
 -0.00153442 -0.00153442 -0.00204589 -0.00204589 -0.00153442 -0.         -0.
 -0.00153442 -0.         -0.00102295 -0.00255737 -0.00204589 -0.00153442
 -0.00255737 -0.00204589 -0.00204589 -0.00204589 -0.00255737 -0.00255737
 -0.00153442 -0.00255737 -0.         -0.00051147 -0.         -0.         -0.
 -0.         -0.00204589 -0.00255737 -0.00204589 -0.00255737 -0.         -0.
 -0.         -0.00102295 -0.00255737 -0.00204589 -0.         -0.00153442
 -0.00255737 -0.00153442 -0.00204589 -0.00255737 -0.         -0.00255737
 -0.00153442 -0.         -0.00153442 -0.00204589 -0.00255737 -0.00153442
 -0.00153442 -0.00255737 -0.00204589 -0.         -0.         -0.         -0.
 -0.00204589 -0.         -0.         -0.00204589 -0.00204589 -0.00204589
 -0.00153442 -0.00255737 -0.         -0.         -0.00153442 -0.
 -0.00102295 -0.         -0.00102295 -0.         -0.00051147 -0.00153442
 -0.00153442 -0.00255737 -0.         -0.         -0.00153442 -0.
 -0.00204589 -0.00102295 -0.         -0.00255737 -0.         -0.00153442
 -0.00255737 -0.         -0.00051147 -0.         -0.00255737 -0.00153442
 -0.         -0.00153442 -0.         -0.00204589 -0.         -0.00102295
 -0.00153442 -0.00204589 -0.         -0.00153442 -0.00153442 -0.         -0.
 -0.         -0.00255737 -0.00255737 -0.         -0.00051147 -0.00204589
 -0.00255737 -0.00255737 -0.00255737 -0.00204589 -0.         -0.         -0.
 -0.00255737 -0.00153442 -0.00204589 -0.         -0.00204589 -0.00204589
 -0.00204589 -0.00051147 -0.         -0.00153442 -0.00102295 -0.00204589
 -0.00204589 -0.00255737 -0.00102295 -0.00153442 -0.         -0.         -0.
 -0.         -0.         -0.         -0.        ]
[-0.00564341 -0.         -0.         -0.00564341 -0.         -0.
 -0.00423256 -0.00423256 -0.00564341 -0.00564341 -0.00423256 -0.         -0.
 -0.         -0.00564341 -0.         -0.         -0.00705426 -0.00564341
 -0.00423256 -0.00564341 -0.00564341 -0.00564341 -0.00564341 -0.00423256
 -0.         -0.00564341 -0.00705426 -0.00423256 -0.00705426 -0.
 -0.00423256 -0.00564341 -0.         -0.00564341 -0.00423256 -0.
 -0.00423256 -0.00564341 -0.         -0.00423256 -0.00423256 -0.         -0.
 -0.         -0.         -0.00564341 -0.         -0.00423256 -0.         -0.
 -0.         -0.         -0.         -0.00564341 -0.         -0.
 -0.00705426 -0.         -0.00423256 -0.0028217  -0.         -0.
 -0.00564341 -0.00423256 -0.         -0.         -0.00564341 -0.         -0.
 -0.         -0.         -0.00423256 -0.         -0.         -0.00564341
 -0.         -0.         -0.         -0.         -0.         -0.
 -0.00564341 -0.00423256 -0.         -0.         -0.00564341 -0.         -0.
 -0.0028217  -0.0028217  -0.         -0.         -0.0028217  -0.         -0.
 -0.         -0.        ]
[ 0.00839661  0.01119548  0.          0.          0.00279887  0.01399435
  0.01119548  0.          0.01119548  0.01119548  0.00279887  0.01119548
  0.00839661  0.          0.00559774  0.01399435  0.00559774  0.00279887
  0.01399435  0.01119548  0.00839661  0.          0.01119548  0.01399435
  0.01399435  0.00559774  0.          0.          0.          0.00839661
  0.          0.00839661  0.00839661  0.00839661  0.00279887  0.00839661
  0.00559774  0.01119548  0.00279887  0.00279887  0.01119548  0.00839661
  0.          0.00279887  0.00279887  0.00279887  0.00839661  0.
  0.00279887  0.00279887  0.00559774  0.01399435  0.01399435  0.00279887
  0.00839661  0.00279887  0.01399435  0.00279887  0.00559774  0.00839661
  0.01399435  0.00279887  0.00839661  0.00839661  0.00279887  0.          0.
  0.          0.        ]
[ 0.02694587  0.0202094   0.02694587  0.02694587  0.0202094   0.          0.0202094
  0.02694587  0.          0.03368234  0.          0.          0.0202094   0.
  0.0202094   0.          0.          0.          0.          0.          0.0202094
  0.00673647  0.          0.          0.          0.          0.          0.0202094
  0.          0.          0.          0.          0.          0.          0.
  0.        ]
[-0.         -0.02107447 -0.         -0.         -0.02107447 -0.02107447
 -0.         -0.02107447 -0.02107447 -0.02107447 -0.02107447 -0.
 -0.00526862 -0.         -0.02107447]
[ -0.00000000e+00  -1.01972642e-05  -1.01972642e-05  -8.15781139e-06
  -6.11835854e-06  -6.11835854e-06  -8.15781139e-06  -8.15781139e-06
  -1.01972642e-05  -4.07890570e-06  -0.00000000e+00  -8.15781139e-06
  -0.00000000e+00  -8.15781139e-06  -1.01972642e-05  -8.15781139e-06
  -6.11835854e-06  -0.00000000e+00  -0.00000000e+00  -0.00000000e+00
  -2.03945285e-06  -0.00000000e+00  -6.11835854e-06  -6.11835854e-06
  -8.15781139e-06  -0.00000000e+00  -8.15781139e-06  -1.01972642e-05
  -8.15781139e-06  -0.00000000e+00  -0.00000000e+00  -8.15781139e-06
  -0.00000000e+00  -0.00000000e+00]
[ 0.          0.          0.          0.          0.          0.00849691
  0.00849691  0.00849691  0.          0.          0.          0.          0.
  0.00849691  0.00637268  0.          0.00849691  0.          0.00849691
  0.00849691  0.          0.          0.          0.          0.
  0.00637268  0.          0.          0.00637268  0.          0.00849691
  0.          0.          0.00849691  0.01062113  0.00637268  0.00849691
  0.          0.00849691  0.          0.00849691  0.          0.00637268
  0.          0.          0.          0.          0.          0.00849691
  0.00849691  0.          0.          0.          0.          0.          0.
  0.          0.          0.00424845  0.00849691  0.00849691  0.          0.
  0.          0.          0.          0.01062113  0.00849691  0.          0.
  0.          0.          0.          0.          0.          0.00637268
  0.00637268  0.01062113  0.00637268  0.          0.          0.
  0.01062113  0.00849691  0.          0.00424845  0.          0.00637268
  0.          0.          0.00637268  0.          0.          0.
  0.00637268  0.00849691  0.          0.00637268  0.          0.          0.
  0.          0.        ]
[ 0.01288206  0.          0.00966154  0.01288206  0.00644103  0.
  0.01288206  0.00322051  0.          0.01610257  0.01610257  0.01288206
  0.          0.00966154  0.00644103  0.          0.          0.          0.
  0.01610257  0.          0.          0.          0.00644103  0.        ]
[ 0.          0.          0.          0.          0.          0.02772007
  0.          0.          0.02217606  0.          0.02217606  0.
  0.02217606  0.01663204  0.02217606  0.          0.          0.02217606
  0.02772007  0.          0.          0.          0.02217606  0.02217606
  0.          0.          0.          0.          0.02217606  0.          0.
  0.          0.02217606  0.          0.          0.01663204  0.          0.
  0.          0.02217606  0.02217606  0.02217606  0.          0.02772007
  0.02217606  0.02217606  0.02217606  0.02217606  0.02217606  0.02217606
  0.          0.02217606  0.          0.          0.02217606  0.02217606
  0.          0.          0.          0.02217606  0.          0.
  0.02217606  0.          0.02217606  0.          0.02217606  0.02217606
  0.          0.          0.02217606  0.          0.02772007  0.          0.
  0.02217606  0.          0.          0.02217606  0.          0.          0.
  0.          0.          0.          0.01663204  0.01663204  0.
  0.02217606  0.02217606  0.          0.          0.          0.02217606
  0.02217606  0.          0.          0.          0.          0.          0.
  0.          0.01663204  0.02772007  0.          0.01663204  0.
  0.02217606  0.02217606  0.02217606  0.          0.          0.          0.
  0.          0.01663204  0.          0.01663204  0.          0.02217606
  0.          0.02217606  0.02217606  0.02217606  0.          0.
  0.02217606  0.02217606  0.          0.          0.          0.          0.
  0.          0.          0.          0.          0.          0.        ]
[ 0.01404372  0.01755465  0.          0.01755465  0.          0.          0.
  0.01755465  0.          0.01404372  0.01755465  0.          0.01404372
  0.          0.01755465  0.01404372  0.          0.          0.01755465
  0.01755465  0.          0.01404372  0.          0.          0.
  0.00702186  0.          0.01404372  0.          0.          0.01755465
  0.01755465  0.          0.01755465  0.01053279  0.01404372  0.01404372
  0.01755465  0.01755465  0.01755465  0.          0.          0.          0.
  0.01755465  0.00702186  0.01404372  0.          0.00702186  0.01053279
  0.          0.01755465  0.          0.01053279  0.00351093  0.01755465
  0.01404372  0.01755465  0.01404372  0.          0.01755465  0.          0.
  0.01053279  0.          0.          0.01755465  0.          0.          0.
  0.          0.          0.        ]
[-0.01414237 -0.         -0.         -0.         -0.         -0.01131389
 -0.01131389 -0.         -0.         -0.00848542 -0.         -0.         -0.
 -0.         -0.         -0.         -0.         -0.00565695 -0.00848542
 -0.         -0.         -0.01131389 -0.         -0.         -0.         -0.
 -0.01131389 -0.01131389 -0.         -0.01414237 -0.01131389 -0.01414237
 -0.         -0.         -0.         -0.00848542 -0.         -0.         -0.
 -0.         -0.         -0.00848542 -0.         -0.01131389 -0.00848542
 -0.00565695 -0.         -0.         -0.         -0.         -0.
 -0.01131389 -0.01414237 -0.         -0.00848542 -0.01131389 -0.         -0.
 -0.00848542 -0.01414237 -0.01131389 -0.01131389 -0.         -0.00848542
 -0.00848542 -0.         -0.00565695 -0.01131389 -0.         -0.
 -0.01131389 -0.00848542 -0.01131389 -0.         -0.00565695 -0.         -0.
 -0.         -0.01131389 -0.         -0.00848542 -0.01414237 -0.         -0.
 -0.         -0.         -0.         -0.         -0.         -0.         -0.
 -0.         -0.         -0.01131389 -0.         -0.         -0.01131389
 -0.01131389 -0.         -0.         -0.         -0.         -0.01131389
 -0.         -0.01414237 -0.         -0.01131389 -0.         -0.
 -0.01131389 -0.         -0.         -0.         -0.         -0.00565695
 -0.         -0.         -0.         -0.         -0.00848542 -0.         -0.
 -0.00848542 -0.         -0.         -0.         -0.         -0.         -0.
 -0.         -0.         -0.         -0.         -0.01131389 -0.
 -0.00848542 -0.         -0.         -0.         -0.         -0.
 -0.01131389 -0.00848542 -0.         -0.         -0.         -0.         -0.
 -0.         -0.         -0.         -0.         -0.         -0.         -0.
 -0.         -0.00282847 -0.         -0.         -0.         -0.         -0.
 -0.         -0.         -0.         -0.         -0.         -0.         -0.
 -0.         -0.         -0.        ]
[-0.0017687  -0.         -0.         -0.00132652 -0.0017687  -0.
 -0.00221087 -0.00132652 -0.00221087 -0.         -0.         -0.0017687  -0.
 -0.00221087 -0.0017687  -0.00221087 -0.         -0.00221087 -0.00221087
 -0.         -0.         -0.         -0.0017687  -0.00221087 -0.         -0.
 -0.00221087 -0.00132652 -0.0017687  -0.00221087 -0.00132652 -0.0017687
 -0.0017687  -0.0017687  -0.0017687  -0.00221087 -0.0017687  -0.
 -0.00132652 -0.00221087 -0.00221087 -0.0017687  -0.         -0.         -0.0017687
 -0.00132652 -0.0017687  -0.         -0.         -0.         -0.0017687  -0.
 -0.         -0.         -0.         -0.         -0.00221087 -0.00221087
 -0.00221087 -0.00132652 -0.00132652 -0.         -0.00221087 -0.         -0.0017687
 -0.00221087 -0.         -0.00132652 -0.         -0.00132652 -0.         -0.
 -0.00221087 -0.00132652 -0.0017687  -0.00132652 -0.         -0.00132652
 -0.0017687  -0.00221087 -0.00132652 -0.00132652 -0.         -0.00221087
 -0.         -0.         -0.         -0.         -0.         -0.         -0.
 -0.         -0.        ]
[ 0.          0.00020432  0.00016345  0.          0.00016345  0.          0.
  0.          0.00012259  0.          0.          0.          0.00016345
  0.00016345  0.00012259  0.00020432  0.00012259  0.          0.
  0.00020432  0.          0.00020432  0.          0.          0.          0.
  0.00020432  0.          0.00016345  0.          0.00020432  0.          0.
  0.          0.          0.          0.          0.          0.
  0.00016345  0.          0.          0.          0.          0.
  0.00020432  0.          0.          0.          0.00020432  0.
  0.00020432  0.          0.          0.00016345  0.          0.          0.
  0.          0.          0.          0.          0.          0.00016345
  0.          0.          0.          0.          0.        ]
[ 0.02535161  0.          0.01901371  0.02535161  0.02535161  0.01267581
  0.03168951  0.01901371  0.          0.          0.          0.02535161
  0.          0.01901371  0.03168951  0.02535161  0.          0.
  0.01267581  0.02535161  0.01901371  0.01901371  0.01901371  0.01901371
  0.01901371  0.01901371  0.01901371  0.01901371  0.02535161  0.02535161
  0.          0.01901371  0.          0.          0.          0.01901371
  0.01901371  0.01901371  0.          0.01901371  0.          0.01901371
  0.01901371  0.02535161  0.01901371  0.01901371  0.          0.
  0.01901371  0.02535161  0.01901371  0.          0.          0.01901371
  0.01267581  0.03168951  0.          0.          0.          0.          0.
  0.          0.          0.          0.01267581  0.          0.01901371
  0.01267581  0.01901371  0.          0.01901371  0.          0.
  0.02535161  0.          0.          0.          0.          0.          0.
  0.          0.          0.          0.01267581  0.01267581  0.
  0.01267581  0.          0.          0.          0.          0.          0.
  0.01901371  0.          0.          0.          0.01901371  0.01901371
  0.01901371  0.01901371  0.01901371  0.          0.02535161  0.          0.
  0.          0.01267581  0.01267581  0.          0.          0.          0.
  0.          0.0063379   0.01901371  0.          0.          0.          0.
  0.          0.          0.          0.02535161  0.01901371  0.
  0.01901371  0.          0.          0.01267581  0.          0.          0.
  0.          0.          0.          0.          0.          0.01901371
  0.          0.        ]
