201 0 3
201 110 3
201 267 4
201 282 0
201 290 4
201 304 4
201 330 3
201 739 1
202 258 1
202 291 3
202 681 3
202 871 2
202 876 2
202 879 3
202 886 3
202 894 3
202 947 1
203 6 4
203 8 4
203 99 4
203 105 3
203 110 4
203 116 3
203 117 3
203 120 4
203 122 4
203 128 5
203 147 3
203 180 4
203 221 3
203 234 3
203 273 3
203 275 4
203 283 3
203 290 3
203 369 0
203 409 2
203 470 3
203 471 4
203 514 5
203 545 3
203 596 3
203 684 4
203 747 4
203 844 3
203 863 3
203 865 4
203 924 0
203 927 0
204 21 4
204 65 4
204 242 2
204 244 1
204 257 4
204 258 1
204 268 3
204 269 4
204 288 4
204 299 2
204 306 2
204 309 0
204 312 4
204 322 2
204 326 3
204 330 3
204 332 3
204 341 4
204 342 3
204 347 3
204 677 4
204 682 1
204 686 1
204 688 2
204 689 3
204 747 3
204 753 4
204 878 2
204 891 3
204 900 1
205 1 3
205 4 4
205 7 4
205 10 4
205 11 5
205 21 4
205 22 4
205 27 4
205 28 3
205 29 0
205 30 4
205 31 3
205 32 4
205 36 0
205 37 3
205 38 3
205 39 2
205 40 2
205 41 4
205 42 2
205 44 5
205 46 4
205 47 4
205 48 3
205 49 4
205 50 4
205 51 3
205 52 4
205 54 4
205 55 4
205 56 4
205 57 3
205 59 0
205 60 4
205 61 4
205 62 3
205 63 5
205 65 4
205 66 3
205 67 3
205 69 3
205 70 4
205 71 3
205 72 4
205 74 0
205 75 3
205 76 3
205 77 3
205 79 3
205 80 4
205 81 4
205 82 4
205 84 4
205 86 4
205 87 4
205 89 3
205 90 4
205 91 4
205 93 4
205 95 4
205 96 4
205 97 5
205 100 3
205 101 3
205 126 5
205 131 4
205 134 4
205 138 4
205 140 4
205 141 3
205 148 4
205 160 3
205 167 4
205 168 4
205 171 4
205 172 4
205 174 4
205 177 4
205 178 4
205 179 4
205 182 4
205 183 4
205 184 4
205 185 4
205 187 4
205 188 4
205 189 4
205 190 4
205 191 4
205 192 4
205 194 5
205 196 4
205 197 4
205 198 4
205 199 4
205 201 4
205 203 4
205 205 3
205 206 4
205 207 4
205 209 4
205 210 4
205 211 3
205 213 3
205 214 4
205 215 4
205 216 2
205 217 3
205 218 3
205 225 4
205 226 3
205 227 4
205 228 3
205 229 4
205 230 3
205 231 3
205 232 3
205 233 4
205 237 4
205 238 4
205 264 4
205 287 4
205 301 4
205 307 5
205 316 4
205 317 4
205 346 3
205 349 0
205 350 0
205 355 4
205 360 0
205 363 3
205 364 0
205 365 4
205 366 4
205 370 2
205 373 4
205 375 3
205 376 1
205 378 4
205 382 2
205 383 3
205 385 3
205 386 3
205 387 2
205 390 3
205 392 4
205 394 3
205 395 4
205 396 0
205 398 4
205 399 0
205 401 4
205 402 4
205 403 4
205 413 3
205 414 3
205 415 4
205 416 3
205 418 3
205 419 4
205 420 4
205 421 3
205 422 4
205 425 4
205 426 5
205 429 4
205 430 4
205 432 4
205 433 4
205 436 0
205 437 0
205 438 0
205 439 1
205 440 4
205 441 0
205 443 5
205 445 2
205 446 4
205 447 3
205 448 3
205 449 3
205 450 4
205 451 4
205 452 2
205 460 4
205 461 4
205 462 4
205 463 0
205 464 4
205 466 0
205 468 4
205 469 3
205 479 4
205 481 3
205 500 3
205 503 4
205 508 4
205 509 4
205 510 5
205 513 3
205 514 4
205 515 4
205 516 0
205 517 4
205 518 4
205 519 5
205 520 4
205 521 3
205 522 4
205 523 3
205 524 0
205 525 4
205 526 4
205 527 4
205 528 3
205 529 4
205 535 0
205 536 3
205 539 3
205 540 3
205 542 3
205 544 2
205 547 5
205 548 4
205 550 2
205 551 4
205 552 3
205 554 4
205 555 3
205 556 4
205 557 4
205 558 4
205 559 2
205 560 2
205 561 4
205 562 2
205 563 3
205 564 4
205 565 4
205 566 2
205 567 4
205 568 3
205 569 3
205 572 3
205 573 5
205 574 3
205 576 3
205 577 4
205 578 4
205 579 3
205 580 4
205 582 4
205 583 4
205 584 4
205 585 2
205 587 4
205 591 0
205 592 5
205 602 4
205 605 4
205 621 4
205 622 3
205 623 4
205 624 3
205 625 5
205 626 3
205 638 0
205 641 4
205 642 4
205 643 4
205 644 4
205 646 5
205 647 4
205 648 4
205 649 4
205 650 4
205 651 3
205 652 4
205 653 4
205 654 4
205 655 4
205 658 4
205 660 5
205 661 3
205 663 4
205 665 4
205 666 5
205 668 2
205 669 4
205 670 5
205 672 4
205 673 3
205 674 4
205 678 4
205 683 4
205 691 4
205 692 0
205 693 4
205 694 3
205 696 0
205 698 3
205 699 0
205 701 4
205 706 3
205 707 3
205 709 4
205 711 3
205 713 0
205 714 4
205 715 3
205 718 0
205 719 3
205 720 2
205 721 3
205 722 3
205 725 0
205 726 4
205 727 3
205 728 4
205 730 4
205 731 4
205 733 3
205 735 4
205 738 4
205 744 0
205 745 4
205 746 4
205 752 0
205 754 3
205 758 0
205 760 3
205 764 4
205 767 2
205 768 4
205 769 4
205 770 1
205 771 4
205 772 0
205 773 2
205 774 2
205 775 0
205 776 0
205 777 4
205 778 4
205 779 2
205 781 0
205 782 4
205 783 0
205 784 3
205 785 0
205 786 2
205 787 0
205 788 4
205 789 4
205 790 2
205 792 0
205 793 3
205 794 0
205 795 4
205 797 1
205 801 3
205 806 0
205 807 4
205 809 3
205 811 0
205 815 5
205 841 0
205 842 4
205 848 2
205 850 0
205 852 0
205 853 0
205 854 4
205 857 0
205 858 0
205 859 0
205 860 0
205 903 0
205 920 0
205 938 4
205 940 0
205 942 0
205 943 4
205 945 3
205 946 4
205 948 3
205 950 3
205 952 0
205 954 4
205 955 0
205 956 0
205 958 3
205 959 2
205 963 0
205 968 3
205 970 3
205 993 0
205 995 2
205 996 1
205 998 4
206 0 4
206 2 3
206 3 4
206 4 4
206 6 4
206 7 4
206 9 4
206 10 5
206 11 5
206 12 4
206 13 4
206 14 5
206 19 0
206 21 5
206 23 4
206 24 3
206 27 5
206 29 3
206 31 4
206 38 4
206 39 3
206 41 4
206 46 4
206 47 5
206 49 4
206 51 4
206 57 4
206 62 3
206 63 5
206 68 4
206 70 4
206 71 4
206 78 4
206 84 0
206 85 4
206 86 4
206 88 4
206 91 4
206 92 4
206 95 4
206 98 4
206 114 0
206 116 4
206 120 3
206 122 3
206 124 2
206 126 5
206 128 0
206 130 4
206 131 4
206 132 4
206 133 4
206 134 4
206 135 4
206 142 4
206 147 3
206 150 4
206 151 4
206 152 4
206 155 5
206 157 4
206 163 4
206 167 5
206 169 4
206 171 4
206 172 5
206 173 4
206 174 4
206 178 5
206 180 4
206 181 4
206 182 4
206 185 4
206 186 4
206 187 4
206 189 5
206 190 5
206 193 4
206 194 4
206 195 4
206 197 4
206 198 5
206 201 3
206 202 4
206 203 5
206 205 4
206 208 4
206 210 4
206 211 2
206 212 2
206 214 4
206 217 4
206 218 2
206 219 2
206 221 3
206 227 4
206 233 5
206 234 2
206 236 4
206 237 4
206 238 3
206 239 3
206 273 2
206 274 4
206 275 4
206 276 4
206 283 3
206 288 2
206 316 4
206 317 5
206 356 5
206 367 2
206 380 4
206 395 4
206 403 4
206 404 3
206 409 3
206 410 3
206 413 3
206 417 4
206 418 2
206 419 4
206 420 4
206 426 5
206 427 5
206 428 4
206 429 4
206 430 4
206 433 4
206 434 5
206 435 5
206 442 4
206 446 5
206 450 4
206 451 5
206 452 0
206 460 4
206 462 0
206 467 3
206 468 4
206 473 5
206 475 2
206 478 4
206 479 4
206 480 4
206 481 4
206 484 3
206 486 3
206 487 3
206 489 4
206 495 4
206 497 5
206 498 4
206 500 4
206 502 4
206 503 4
206 504 3
206 506 4
206 507 5
206 508 3
206 510 5
206 513 3
206 514 3
206 516 3
206 518 4
206 519 5
206 522 4
206 523 0
206 525 4
206 526 5
206 527 5
206 528 3
206 542 3
206 558 3
206 560 3
206 572 5
206 581 3
206 587 4
206 588 5
206 590 4
206 595 4
206 604 4
206 605 4
206 606 0
206 607 4
206 609 4
206 610 3
206 611 4
206 623 3
206 631 0
206 632 4
206 633 5
206 637 4
206 638 0
206 639 3
206 640 5
206 641 4
206 644 4
206 646 5
206 650 4
206 651 4
206 654 5
206 661 3
206 662 4
206 663 4
206 664 4
206 671 3
206 674 5
206 691 4
206 692 4
206 698 4
206 700 0
206 704 4
206 711 0
206 712 5
206 714 4
206 726 5
206 731 3
206 734 4
206 736 4
206 744 0
206 745 5
206 746 4
206 755 2
206 771 0
206 786 0
206 812 5
206 822 5
206 824 4
206 825 0
206 830 0
206 844 5
206 918 4
206 920 5
206 922 5
206 941 4
206 959 0
206 961 0
207 0 4
207 1 4
207 3 5
207 7 4
207 24 2
207 27 5
207 28 2
207 39 2
207 44 3
207 49 4
207 55 5
207 61 4
207 67 4
207 68 4
207 69 3
207 81 3
207 87 4
207 88 4
207 90 3
207 95 4
207 96 4
207 97 4
207 98 4
207 99 5
207 116 3
207 117 3
207 122 4
207 126 5
207 131 4
207 134 3
207 142 3
207 143 4
207 146 3
207 156 4
207 157 0
207 158 3
207 160 4
207 162 4
207 171 4
207 172 4
207 173 4
207 176 4
207 178 3
207 179 4
207 180 4
207 181 4
207 182 4
207 184 4
207 185 4
207 187 4
207 192 4
207 193 4
207 195 4
207 196 4
207 199 4
207 200 2
207 201 4
207 202 4
207 204 4
207 207 5
207 208 4
207 210 4
207 213 3
207 214 4
207 215 4
207 216 1
207 217 4
207 221 3
207 222 5
207 225 4
207 226 3
207 227 4
207 228 3
207 229 3
207 230 3
207 231 3
207 234 2
207 237 4
207 238 4
207 243 1
207 247 4
207 248 3
207 249 4
207 254 4
207 256 5
207 264 5
207 268 2
207 273 3
207 285 3
207 288 2
207 289 4
207 290 0
207 312 4
207 315 4
207 344 4
207 356 4
207 370 3
207 381 2
207 384 4
207 392 3
207 398 4
207 399 0
207 404 3
207 415 4
207 417 3
207 422 4
207 426 5
207 427 5
207 431 4
207 432 4
207 435 4
207 446 4
207 447 2
207 448 3
207 454 3
207 465 4
207 475 2
207 477 4
207 478 4
207 482 4
207 483 5
207 492 5
207 495 5
207 501 5
207 507 3
207 509 5
207 513 4
207 518 4
207 520 4
207 524 5
207 558 3
207 560 1
207 564 2
207 587 4
207 602 4
207 615 3
207 628 3
207 634 2
207 641 2
207 647 4
207 655 4
207 656 4
207 659 4
207 674 5
207 683 4
207 704 4
207 709 0
207 711 4
207 714 0
207 728 4
207 731 4
207 745 3
207 754 4
207 755 2
207 784 3
207 843 1
207 858 1
207 868 3
207 878 2
207 948 0
207 968 0
207 971 0
207 992 0
208 269 4
208 270 2
208 285 3
208 293 3
208 299 3
208 312 4
208 314 4
208 318 3
208 327 3
208 346 3
208 357 2
208 538 2
208 682 2
208 688 3
208 747 2
209 5 5
209 7 4
209 8 4
209 11 5
209 13 5
209 21 4
209 22 4
209 27 4
209 29 4
209 47 5
209 49 4
209 57 3
209 58 4
209 59 4
209 64 4
209 86 5
209 96 4
209 97 4
209 98 4
209 99 5
209 132 4
209 134 4
209 152 4
209 153 4
209 155 4
209 161 4
209 165 4
209 167 4
209 169 5
209 171 4
209 172 4
209 173 5
209 174 4
209 178 4
209 180 4
209 185 4
209 190 4
209 191 4
209 194 4
209 196 4
209 198 4
209 199 3
209 200 2
209 201 4
209 202 4
209 203 4
209 204 3
209 206 4
209 208 4
209 209 4
209 212 4
209 213 4
209 215 4
209 222 5
209 263 3
209 265 2
209 269 4
209 274 4
209 275 4
209 282 5
209 284 5
209 285 4
209 287 4
209 299 3
209 302 4
209 317 4
209 320 3
209 321 4
209 324 0
209 326 3
209 338 3
209 342 2
209 356 4
209 366 3
209 380 4
209 381 3
209 403 4
209 426 5
209 427 4
209 428 5
209 429 4
209 432 4
209 434 4
209 460 4
209 477 4
209 478 4
209 479 4
209 480 4
209 481 4
209 482 4
209 484 4
209 485 4
209 488 4
209 490 4
209 492 5
209 495 5
209 496 4
209 497 4
209 503 4
209 504 3
209 513 4
209 515 4
209 517 3
209 519 4
209 522 4
209 525 4
209 526 4
209 527 4
209 529 4
209 603 4
209 605 4
209 606 4
209 607 4
209 608 4
209 614 4
209 617 4
209 630 4
209 632 4
209 646 4
209 653 5
209 658 4
209 660 5
209 663 0
209 675 2
209 679 4
209 683 4
209 707 3
209 708 4
209 713 4
209 732 5
209 748 0
209 854 4
209 876 2
209 878 2
209 936 0
209 944 5
209 964 4
209 994 4
210 257 4
210 268 2
210 285 2
210 288 3
210 299 2
210 310 3
210 311 1
210 312 4
210 314 5
210 315 5
210 322 2
210 327 3
210 339 2
210 353 2
210 689 3
210 753 4
210 872 1
210 897 1
210 904 0
211 0 4
211 3 4
211 8 4
211 21 4
211 37 3
211 55 5
211 72 3
211 87 3
211 116 4
211 160 4
211 167 4
211 171 4
211 180 4
211 185 4
211 194 4
211 195 4
211 207 5
211 208 4
211 209 4
211 221 3
211 226 3
211 227 4
211 228 3
211 229 3
211 257 4
211 264 4
211 275 4
211 317 3
211 404 3
211 434 4
211 448 3
211 450 3
211 484 3
211 526 4
211 565 4
211 567 4
211 650 4
211 654 5
211 708 4
211 719 3
211 731 4
211 769 4
212 3 5
212 6 4
212 22 4
212 23 4
212 27 4
212 55 5
212 63 5
212 69 3
212 80 5
212 91 4
212 95 5
212 149 4
212 153 5
212 171 5
212 172 5
212 174 5
212 181 4
212 185 4
212 192 4
212 205 4
212 210 4
212 217 4
212 275 4
212 287 4
212 317 5
212 339 0
212 407 5
212 426 5
212 435 5
212 479 5
212 486 4
212 507 4
212 525 4
212 633 4
212 650 5
212 683 3
212 723 4
213 6 3
213 8 4
213 14 4
213 49 5
213 123 3
213 180 5
213 221 4
213 235 2
213 244 3
213 254 3
213 256 4
213 257 4
213 259 1
213 268 4
213 270 2
213 274 4
213 285 2
213 296 4
213 299 4
213 300 3
213 301 4
213 302 3
213 305 3
213 325 3
213 327 3
213 331 2
213 470 3
213 507 3
213 627 4
213 689 4
213 876 2
213 935 5
214 99 5
214 257 4
214 259 3
214 293 3
214 299 3
214 300 3
214 301 5
214 324 1
214 339 3
214 342 3
214 677 2
214 747 2
215 55 4
215 184 4
215 194 4
215 242 3
215 268 3
215 321 2
215 322 3
215 327 3
215 431 4
215 530 4
215 747 3
215 753 4
216 0 3
216 1 3
216 6 3
216 7 0
216 8 4
216 9 3
216 10 3
216 11 5
216 12 4
216 13 3
216 20 2
216 21 4
216 23 1
216 24 3
216 26 3
216 27 0
216 28 2
216 30 0
216 31 4
216 35 0
216 37 0
216 40 0
216 41 4
216 42 0
216 43 4
216 48 0
216 49 5
216 50 4
216 52 1
216 53 4
216 54 5
216 55 5
216 57 4
216 63 5
216 64 4
216 65 3
216 66 1
216 68 4
216 69 3
216 70 4
216 72 3
216 76 4
216 80 0
216 81 4
216 82 3
216 84 0
216 85 1
216 86 4
216 87 4
216 89 3
216 91 4
216 92 1
216 93 3
216 96 4
216 97 4
216 98 4
216 104 1
216 105 4
216 106 0
216 116 2
216 120 4
216 122 2
216 124 3
216 125 4
216 126 5
216 131 5
216 132 3
216 133 5
216 135 3
216 136 4
216 139 1
216 141 1
216 142 0
216 143 4
216 147 2
216 153 5
216 154 2
216 155 0
216 156 3
216 157 0
216 158 0
216 160 4
216 167 4
216 171 5
216 173 5
216 175 5
216 177 4
216 180 5
216 181 0
216 182 4
216 184 4
216 186 5
216 190 4
216 193 4
216 194 4
216 195 4
216 196 4
216 198 4
216 199 4
216 201 4
216 202 4
216 203 5
216 208 5
216 209 4
216 210 5
216 212 0
216 214 5
216 215 4
216 216 1
216 218 1
216 219 3
216 224 3
216 225 4
216 229 4
216 233 5
216 236 4
216 237 4
216 238 4
216 239 2
216 240 4
216 241 1
216 244 0
216 245 0
216 247 0
216 248 0
216 249 0
216 250 1
216 251 0
216 252 0
216 253 0
216 256 0
216 257 3
216 258 1
216 263 3
216 265 1
216 267 2
216 271 4
216 273 3
216 274 3
216 275 4
216 276 2
216 280 3
216 282 3
216 283 2
216 284 2
216 285 2
216 286 3
216 287 4
216 288 3
216 293 2
216 294 0
216 296 0
216 297 0
216 300 2
216 303 1
216 306 2
216 311 1
216 312 4
216 314 5
216 315 5
216 316 5
216 317 4
216 318 4
216 321 1
216 322 3
216 325 1
216 326 3
216 327 3
216 328 2
216 330 2
216 331 2
216 332 3
216 337 1
216 338 3
216 345 4
216 346 5
216 347 2
216 353 2
216 355 0
216 356 4
216 363 0
216 365 0
216 366 4
216 368 2
216 374 0
216 377 0
216 384 4
216 387 0
216 392 2
216 394 0
216 395 3
216 398 0
216 400 1
216 401 4
216 402 4
216 403 4
216 404 3
216 410 2
216 411 2
216 416 2
216 417 2
216 418 2
216 422 5
216 424 4
216 426 5
216 430 2
216 431 4
216 432 4
216 442 4
216 447 2
216 450 3
216 451 3
216 461 5
216 462 5
216 467 3
216 468 0
216 470 2
216 471 3
216 472 4
216 474 2
216 475 3
216 478 5
216 479 4
216 495 4
216 497 4
216 499 0
216 500 3
216 505 5
216 508 5
216 514 0
216 525 3
216 530 3
216 531 0
216 537 1
216 545 3
216 548 4
216 552 2
216 553 2
216 558 3
216 559 0
216 563 2
216 567 4
216 575 3
216 577 3
216 584 4
216 587 3
216 590 4
216 591 0
216 606 0
216 613 4
216 618 3
216 624 2
216 626 0
216 627 3
216 632 3
216 650 5
216 651 5
216 656 4
216 657 0
216 659 4
216 661 4
216 675 3
216 677 3
216 681 2
216 683 4
216 684 5
216 685 5
216 688 2
216 689 3
216 692 0
216 695 2
216 698 4
216 706 3
216 707 4
216 709 3
216 711 4
216 712 5
216 716 2
216 719 4
216 720 0
216 722 0
216 723 5
216 728 4
216 733 0
216 734 4
216 736 4
216 737 0
216 738 4
216 745 5
216 746 4
216 747 2
216 749 5
216 753 4
216 754 4
216 760 4
216 761 4
216 767 4
216 769 4
216 774 4
216 777 0
216 780 4
216 782 3
216 784 3
216 789 2
216 791 4
216 793 4
216 794 2
216 802 0
216 806 1
216 811 2
216 814 4
216 818 3
216 820 3
216 823 2
216 826 2
216 832 2
216 833 3
216 839 2
216 841 2
216 842 5
216 844 4
216 848 1
216 863 3
216 865 2
216 872 1
216 873 3
216 878 2
216 894 1
216 914 5
216 915 0
216 916 0
216 917 3
216 927 4
216 928 1
216 930 2
216 933 3
216 935 0
216 936 3
216 937 1
216 940 0
216 954 0
216 958 0
216 965 0
216 971 4
216 974 3
216 979 1
216 984 1
216 989 1
216 996 0
217 0 3
217 2 4
217 4 1
217 6 4
217 10 4
217 11 5
217 12 4
217 14 4
217 15 0
217 16 2
217 19 4
217 22 4
217 26 4
217 28 2
217 31 4
217 38 3
217 41 4
217 43 4
217 46 5
217 49 5
217 50 3
217 54 4
217 55 5
217 57 4
217 61 3
217 62 3
217 63 5
217 64 4
217 66 1
217 67 4
217 68 4
217 69 3
217 71 4
217 72 3
217 76 4
217 77 2
217 78 4
217 79 3
217 80 4
217 81 3
217 82 4
217 88 4
217 90 3
217 94 4
217 95 4
217 96 4
217 97 4
217 98 4
217 99 5
217 100 4
217 105 4
217 108 4
217 117 3
217 119 0
217 121 0
217 122 3
217 124 2
217 126 5
217 130 5
217 131 4
217 134 4
217 138 3
217 141 2
217 143 4
217 144 1
217 146 4
217 153 4
217 156 4
217 158 3
217 161 4
217 163 3
217 166 4
217 167 5
217 168 4
217 170 2
217 171 4
217 172 4
217 173 4
217 175 4
217 177 4
217 178 4
217 180 4
217 181 4
217 182 4
217 183 3
217 185 4
217 189 5
217 194 4
217 195 4
217 197 4
217 199 4
217 200 3
217 201 3
217 205 4
217 206 4
217 207 5
217 213 5
217 215 4
217 216 2
217 217 4
217 218 2
217 221 2
217 222 5
217 225 4
217 227 4
217 231 3
217 233 4
217 234 2
217 241 4
217 244 3
217 245 4
217 247 0
217 249 4
217 251 0
217 254 0
217 256 4
217 257 4
217 259 2
217 263 4
217 264 4
217 269 4
217 272 3
217 285 3
217 287 4
217 289 4
217 292 0
217 293 2
217 297 4
217 322 3
217 323 1
217 324 0
217 325 0
217 339 3
217 356 4
217 357 0
217 363 0
217 366 4
217 372 0
217 379 3
217 381 4
217 384 3
217 385 4
217 387 0
217 390 3
217 391 3
217 392 3
217 394 0
217 395 4
217 398 4
217 401 4
217 402 3
217 403 4
217 412 1
217 418 3
217 419 4
217 420 4
217 421 0
217 422 4
217 424 4
217 427 5
217 430 3
217 432 4
217 435 4
217 440 1
217 443 4
217 446 4
217 448 3
217 450 4
217 451 4
217 460 4
217 464 3
217 471 3
217 473 5
217 474 4
217 482 5
217 483 5
217 484 4
217 497 4
217 500 4
217 507 4
217 512 4
217 517 4
217 540 2
217 543 3
217 544 2
217 545 3
217 550 1
217 551 4
217 554 4
217 558 3
217 560 2
217 561 4
217 562 2
217 573 5
217 577 3
217 578 4
217 581 4
217 595 4
217 596 2
217 613 4
217 615 4
217 624 3
217 627 3
217 630 4
217 635 3
217 637 4
217 639 3
217 641 4
217 654 4
217 657 3
217 664 3
217 667 2
217 668 1
217 673 2
217 678 4
217 683 4
217 684 4
217 691 3
217 707 4
217 708 5
217 709 3
217 714 4
217 722 3
217 724 0
217 726 5
217 727 2
217 731 4
217 741 3
217 745 5
217 746 4
217 747 4
217 757 1
217 761 4
217 763 3
217 764 3
217 766 0
217 768 3
217 773 2
217 777 0
217 780 4
217 782 2
217 791 4
217 795 3
217 796 4
217 799 2
217 803 2
217 808 3
217 809 3
217 814 4
217 824 4
217 826 3
217 830 3
217 848 1
217 854 4
217 870 2
217 894 1
217 922 5
217 927 4
217 939 0
217 942 3
217 943 2
217 945 3
217 962 5
217 978 0
217 998 0
217 999 0
218 257 4
218 268 3
218 287 4
218 300 2
218 301 5
218 312 4
218 326 2
218 327 3
218 330 3
218 361 1
218 749 4
218 894 3
218 898 0
219 49 4
219 78 4
219 88 4
219 99 5
219 172 5
219 180 4
219 222 5
219 256 4
219 274 3
219 285 4
219 404 3
219 477 4
219 487 4
219 614 4
219 616 5
219 704 5
220 18 3
220 85 4
220 99 4
220 115 3
220 136 4
220 250 3
220 274 4
220 282 3
220 301 4
220 318 3
220 330 3
220 407 4
220 474 3
220 477 4
220 507 3
220 512 0
220 602 4
220 749 5
220 752 0
221 3 4
221 6 4
221 10 4
221 11 5
221 49 5
221 55 5
221 81 3
221 86 4
221 88 4
221 95 4
221 99 4
221 116 3
221 123 5
221 126 4
221 128 3
221 143 3
221 155 4
221 163 4
221 171 5
221 173 5
221 174 4
221 175 4
221 181 4
221 182 4
221 184 4
221 193 4
221 199 4
221 212 4
221 217 4
221 218 1
221 237 4
221 301 4
221 332 4
221 442 4
221 447 3
221 465 4
221 515 5
221 516 5
221 652 4
221 656 4
221 671 3
221 708 4
221 878 2
221 913 2
221 914 5
222 0 4
222 14 3
222 49 0
222 52 0
222 97 5
222 99 3
222 108 1
222 116 2
222 123 1
222 125 4
222 126 0
222 128 2
222 136 2
222 150 3
222 180 3
222 183 0
222 199 3
222 200 0
222 216 0
222 218 0
222 221 4
222 234 1
222 249 0
222 256 0
222 257 3
222 259 1
222 269 4
222 272 0
222 275 4
222 285 3
222 286 4
222 287 4
222 292 0
222 293 2
222 298 0
222 306 1
222 323 1
222 325 1
222 326 3
222 333 1
222 369 0
222 378 0
222 395 0
222 409 1
222 435 0
222 446 0
222 447 0
222 451 0
222 457 3
222 474 2
222 476 1
222 514 5
222 550 0
222 557 0
222 558 0
222 560 0
222 589 0
222 664 0
222 669 0
222 670 0
222 671 0
222 681 4
222 741 4
222 759 1
222 853 0
222 866 0
222 918 1
222 921 1
222 925 1
223 8 0
223 14 0
223 126 0
223 147 0
223 236 5
223 244 0
223 257 4
223 268 3
223 271 4
223 275 5
223 281 0
223 285 3
223 298 3
223 299 2
223 303 0
223 306 2
223 309 3
223 312 4
223 314 5
223 321 0
223 322 3
223 325 3
223 326 3
223 327 4
223 328 2
223 332 3
223 339 2
223 343 3
223 346 4
223 354 4
223 470 1
223 545 3
223 590 0
223 627 0
223 677 3
223 688 2
223 695 0
223 743 0
223 747 4
223 749 4
223 753 4
223 822 5
223 878 3
223 897 1
223 923 0
223 976 0
224 0 2
224 13 3
224 14 4
224 24 4
224 49 4
224 99 4
224 114 0
224 126 5
224 150 5
224 171 5
224 242 2
224 260 1
224 274 3
224 287 4
224 288 4
224 309 0
224 322 3
224 332 0
224 426 5
224 507 5
224 537 0
224 680 1
224 682 1
224 688 0
224 881 1
225 0 4
225 1 3
225 6 4
225 16 3
225 21 4
225 23 2
225 31 5
225 37 3
225 38 4
225 52 3
225 54 0
225 61 3
225 67 4
225 78 4
225 81 5
225 82 0
225 97 3
225 99 4
225 116 2
225 117 2
225 120 4
225 123 1
225 126 5
225 143 4
225 146 2
225 155 4
225 167 4
225 170 5
225 171 0
225 173 5
225 175 4
225 176 5
225 177 5
225 179 2
225 182 5
225 184 4
225 186 4
225 187 3
225 190 4
225 194 5
225 197 0
225 199 3
225 200 3
225 203 3
225 206 0
225 208 4
225 209 4
225 217 3
225 221 4
225 226 4
225 228 4
225 229 4
225 230 0
225 231 3
225 233 4
225 240 4
225 243 0
225 249 4
225 251 2
225 256 4
225 258 2
225 270 2
225 271 3
225 272 0
225 280 0
225 285 3
225 287 4
225 297 0
225 301 2
225 304 2
225 306 1
225 309 0
225 312 0
225 315 0
225 317 5
225 321 1
225 322 2
225 323 1
225 324 2
225 326 3
225 332 0
225 337 0
225 339 0
225 342 0
225 345 0
225 354 0
225 356 5
225 357 2
225 361 0
225 362 1
225 378 0
225 384 0
225 397 0
225 423 1
225 428 5
225 444 0
225 446 0
225 447 0
225 451 0
225 473 0
225 474 2
225 490 0
225 514 0
225 519 0
225 521 0
225 528 0
225 537 0
225 539 0
225 549 0
225 561 0
225 565 0
225 567 0
225 572 3
225 575 0
225 582 0
225 589 0
225 596 2
225 635 0
225 668 0
225 669 0
225 674 0
225 677 0
225 678 0
225 685 0
225 689 4
225 747 1
225 749 5
225 750 2
225 758 0
225 822 2
225 824 1
225 830 1
225 840 1
225 852 0
225 876 2
225 878 2
225 894 0
225 911 0
225 942 0
225 975 1
226 22 4
226 49 5
226 97 4
226 98 5
226 132 4
226 133 5
226 134 5
226 167 4
226 173 4
226 177 4
226 181 4
226 184 4
226 190 4
226 195 4
226 196 4
226 198 4
226 199 4
226 203 4
226 207 4
226 210 5
226 317 4
226 417 3
226 426 5
226 427 4
226 429 4
226 431 4
226 434 4
226 473 5
226 477 4
226 479 4
226 482 5
226 485 4
226 487 4
226 489 4
226 490 4
226 491 4
226 492 5
226 493 4
226 503 4
226 504 4
226 509 5
226 510 5
226 523 4
226 524 5
226 525 4
226 600 4
226 602 4
226 604 4
226 605 4
226 606 4
226 607 4
226 609 4
226 612 4
226 613 4
226 615 4
226 630 4
226 632 4
226 645 4
226 647 4
226 650 5
226 652 4
226 653 4
226 654 4
226 656 4
226 672 4
226 704 4
226 753 4
226 834 4
226 835 4
226 847 5
227 244 0
227 257 3
227 262 1
227 285 1
227 291 1
227 299 3
227 301 2
227 302 1
227 303 1
227 318 3
227 331 2
227 340 0
227 358 1
227 679 1
227 680 1
227 681 4
227 687 1
227 873 1
228 242 3
228 258 0
228 267 4
228 270 2
228 271 3
228 285 3
228 288 2
228 293 2
228 299 2
228 300 1
228 304 4
228 306 2
228 311 1
228 312 4
228 321 3
228 322 2
228 325 2
228 328 3
228 331 2
228 333 2
228 337 2
228 343 3
228 349 2
228 537 1
228 689 3
228 749 5
228 874 1
228 876 2
228 878 2
228 885 5
228 895 5
228 907 1
228 987 0
229 0 3
229 1 3
229 2 3
229 3 5
229 6 4
229 7 0
229 11 5
229 14 2
229 20 3
229 21 4
229 22 4
229 23 1
229 25 0
229 27 0
229 30 5
229 31 4
229 44 3
229 46 0
229 47 5
229 49 5
229 51 0
229 52 1
229 54 3
229 55 5
229 57 4
229 61 4
229 62 0
229 63 5
229 65 4
229 67 3
229 68 4
229 69 3
229 71 4
229 72 3
229 76 0
229 78 4
229 80 0
229 81 2
229 82 2
229 84 0
229 85 1
229 86 5
229 87 4
229 88 4
229 89 3
229 90 2
229 91 3
229 92 0
229 94 5
229 95 4
229 96 4
229 100 0
229 108 4
229 113 0
229 116 4
229 117 4
229 122 4
229 123 5
229 126 0
229 127 1
229 131 0
229 132 0
229 133 4
229 136 5
229 139 0
229 140 0
229 142 0
229 143 4
229 149 5
229 150 0
229 152 4
229 153 5
229 156 3
229 158 4
229 160 5
229 161 0
229 162 3
229 163 4
229 164 0
229 165 0
229 167 4
229 169 5
229 171 5
229 173 5
229 177 4
229 178 2
229 180 5
229 182 4
229 183 0
229 184 4
229 185 4
229 187 0
229 189 4
229 190 3
229 192 5
229 194 4
229 196 4
229 200 1
229 201 4
229 202 5
229 206 0
229 207 5
229 208 4
229 209 3
229 210 0
229 213 0
229 215 4
229 217 0
229 218 3
229 222 5
229 224 0
229 228 4
229 231 3
229 232 4
229 236 5
229 237 4
229 247 0
229 248 0
229 249 5
229 257 4
229 263 4
229 264 4
229 272 4
229 273 3
229 274 2
229 275 3
229 276 0
229 279 0
229 280 4
229 281 5
229 282 0
229 287 0
229 289 4
229 290 0
229 297 1
229 300 2
229 317 3
229 318 4
229 320 2
229 339 2
229 355 4
229 364 0
229 365 0
229 366 3
229 370 3
229 377 0
229 384 3
229 386 3
229 391 0
229 392 5
229 402 2
229 403 5
229 404 2
229 409 2
229 410 2
229 414 0
229 417 2
229 418 3
229 422 5
229 426 5
229 427 5
229 430 3
229 431 0
229 432 4
229 434 5
229 435 2
229 440 1
229 447 3
229 454 3
229 456 1
229 463 0
229 465 0
229 466 5
229 467 0
229 469 5
229 472 4
229 474 3
229 479 3
229 480 3
229 481 5
229 482 5
229 483 5
229 484 1
229 490 4
229 492 5
229 494 0
229 495 0
229 498 0
229 499 0
229 501 5
229 503 0
229 504 3
229 507 3
229 510 5
229 513 5
229 519 4
229 526 5
229 530 3
229 534 0
229 536 0
229 545 3
229 548 5
229 549 4
229 565 5
229 567 3
229 568 4
229 569 5
229 577 3
229 580 0
229 583 0
229 590 4
229 601 4
229 602 4
229 610 0
229 624 2
229 626 0
229 627 0
229 628 0
229 630 4
229 632 0
229 634 2
229 635 3
229 639 0
229 641 3
229 651 5
229 653 5
229 654 5
229 657 0
229 661 5
229 664 4
229 670 0
229 671 2
229 672 4
229 678 4
229 683 5
229 691 3
229 692 0
229 699 0
229 701 0
229 704 5
229 707 0
229 708 4
229 709 0
229 725 0
229 728 0
229 731 4
229 734 3
229 741 0
229 743 0
229 746 4
229 754 3
229 755 2
229 760 4
229 761 4
229 762 2
229 767 4
229 779 1
229 793 4
229 803 2
229 804 4
229 805 5
229 819 3
229 825 2
229 832 2
229 844 3
229 846 4
229 920 0
229 927 3
229 940 0
229 943 0
229 960 0
229 966 0
229 971 0
230 8 4
230 9 4
230 11 5
230 18 0
230 41 0
230 49 5
230 55 4
230 97 4
230 99 4
230 100 5
230 116 0
230 128 0
230 136 5
230 151 3
230 163 5
230 164 0
230 180 5
230 220 0
230 221 5
230 233 4
230 236 3
230 247 0
230 252 0
230 257 3
230 263 0
230 272 0
230 275 5
230 285 4
230 287 5
230 292 0
230 293 0
230 299 4
230 301 3
230 317 5
230 327 3
230 435 5
230 513 4
230 514 0
230 526 5
230 527 4
230 546 3
230 627 5
230 673 0
231 285 3
231 306 3
231 321 2
231 322 2
231 326 3
231 357 3
231 537 2
231 689 3
231 747 2
231 878 3
231 987 1
232 0 4
232 6 4
232 23 3
232 49 5
232 92 4
232 99 4
232 107 5
232 108 4
232 110 4
232 116 3
232 117 3
232 120 4
232 122 4
232 150 4
232 180 4
232 221 4
232 245 4
232 247 4
232 248 4
232 249 4
232 256 4
232 257 4
232 273 4
232 275 4
232 283 4
232 293 3
232 294 0
232 299 3
232 314 5
232 321 2
232 404 3
232 409 1
232 410 3
232 470 2
232 507 3
232 545 3
232 619 4
232 627 4
232 677 3
232 741 3
232 762 1
232 814 4
232 843 1
232 844 3
233 58 0
233 59 0
233 94 0
233 172 0
233 173 0
233 193 0
233 245 0
233 267 1
233 268 1
233 272 0
233 275 2
233 292 0
233 301 2
233 302 1
233 321 1
233 322 2
233 325 1
233 332 0
233 339 0
233 434 0
233 473 0
233 506 0
233 656 0
233 681 4
233 689 3
233 747 1
233 753 0
233 918 1
234 8 4
234 110 3
234 120 4
234 124 4
234 146 3
234 147 3
234 150 3
234 224 3
234 273 3
234 274 4
234 282 4
234 286 4
234 287 3
234 346 4
234 368 3
234 405 0
234 470 3
234 475 2
234 545 3
234 627 3
234 755 3
234 762 2
234 814 2
234 818 2
234 832 0
234 843 0
234 927 0
234 974 0
235 0 4
235 2 1
235 3 4
235 4 2
235 6 4
235 8 5
235 10 2
235 11 5
235 14 4
235 20 2
235 21 4
235 22 4
235 23 2
235 24 3
235 26 3
235 27 5
235 30 3
235 37 2
235 39 2
235 41 4
235 44 4
235 48 3
235 49 4
235 51 4
235 53 3
235 61 3
235 62 2
235 63 5
235 66 2
235 67 3
235 68 4
235 70 4
235 71 4
235 72 3
235 79 4
235 81 3
235 82 4
235 84 3
235 85 4
235 88 4
235 94 4
235 95 4
235 99 4
235 104 2
235 107 5
235 108 4
235 110 4
235 114 5
235 116 3
235 117 3
235 120 4
235 121 0
235 122 4
235 124 4
235 127 3
235 131 4
235 134 4
235 135 4
235 140 4
235 147 2
235 150 4
235 151 4
235 152 4
235 153 4
235 155 4
235 156 4
235 158 3
235 159 4
235 160 4
235 161 4
235 162 4
235 163 4
235 166 3
235 167 4
235 170 4
235 171 4
235 172 4
235 173 5
235 174 4
235 175 3
235 181 3
235 182 4
235 183 3
235 184 4
235 185 4
235 186 4
235 187 3
235 189 4
235 190 4
235 194 4
235 195 4
235 198 4
235 199 3
235 203 4
235 205 4
235 210 4
235 213 4
235 214 4
235 215 4
235 216 2
235 217 4
235 218 1
235 221 3
235 224 3
235 225 4
235 226 4
235 227 4
235 228 3
235 229 3
235 233 4
235 238 3
235 239 0
235 244 2
235 245 5
235 249 4
235 251 2
235 253 1
235 254 2
235 256 4
235 257 4
235 259 1
235 263 3
235 272 3
235 283 3
235 289 3
235 290 0
235 293 2
235 298 3
235 299 3
235 306 4
235 312 4
235 316 5
235 317 4
235 320 3
235 326 3
235 330 3
235 337 2
235 342 1
235 350 1
235 353 2
235 356 4
235 357 3
235 366 3
235 368 0
235 375 2
235 379 2
235 380 4
235 381 3
235 383 2
235 384 4
235 385 3
235 391 0
235 392 3
235 393 2
235 398 3
235 401 4
235 402 2
235 403 4
235 409 2
235 410 3
235 412 1
235 422 4
235 423 0
235 430 3
235 432 4
235 433 4
235 434 4
235 435 4
235 442 4
235 446 3
235 447 2
235 450 3
235 454 4
235 461 4
235 464 3
235 469 3
235 472 4
235 473 5
235 475 3
235 519 4
235 540 2
235 541 3
235 545 3
235 549 4
235 553 2
235 560 2
235 565 3
235 566 1
235 567 3
235 568 0
235 570 3
235 571 2
235 572 3
235 575 3
235 576 3
235 577 3
235 583 4
235 586 4
235 587 4
235 596 3
235 615 3
235 624 3
235 627 4
235 630 3
235 636 3
235 639 2
235 648 4
235 651 4
235 654 4
235 658 4
235 664 3
235 671 1
235 672 3
235 674 4
235 678 4
235 683 4
235 692 4
235 695 0
235 696 0
235 709 0
235 712 0
235 714 0
235 716 0
235 719 2
235 728 4
235 731 4
235 742 0
235 745 2
235 747 3
235 750 3
235 751 1
235 755 1
235 759 1
235 761 4
235 779 2
235 780 3
235 785 3
235 789 2
235 791 4
235 796 4
235 799 1
235 819 2
235 820 3
235 824 0
235 825 1
235 830 2
235 833 0
235 840 2
235 844 4
235 861 1
235 884 1
235 889 1
235 894 1
235 923 0
235 925 0
235 927 0
235 928 3
235 942 0
235 943 2
235 960 0
235 976 0
235 982 0
236 20 2
236 22 4
236 25 3
236 37 4
236 38 4
236 42 0
236 46 4
236 64 4
236 65 4
236 71 4
236 72 3
236 82 4
236 89 4
236 91 4
236 94 4
236 95 4
236 97 4
236 101 2
236 110 4
236 124 4
236 131 5
236 132 4
236 156 3
236 158 4
236 160 4
236 167 4
236 171 5
236 173 5
236 178 4
236 185 4
236 199 4
236 203 5
236 214 4
236 215 3
236 216 3
236 217 4
236 218 2
236 225 4
236 237 4
236 264 4
236 275 4
236 286 3
236 287 4
236 312 4
236 324 4
236 326 4
236 339 2
236 346 4
236 366 4
236 380 3
236 391 3
236 399 1
236 410 2
236 432 4
236 446 4
236 453 1
236 502 4
236 503 5
236 505 5
236 536 0
236 545 3
236 552 2
236 558 3
236 567 4
236 580 5
236 584 4
236 594 3
236 627 0
236 641 4
236 648 4
236 654 4
236 657 5
236 659 4
236 707 4
236 709 3
236 714 4
236 720 3
236 722 2
236 738 4
236 741 4
236 745 5
236 747 4
236 760 4
236 761 4
236 784 3
236 786 3
236 789 2
236 793 4
236 820 3
236 844 4
236 894 3
236 973 3
237 4 0
237 10 4
237 11 5
237 13 5
237 27 5
237 29 4
237 41 4
237 46 4
237 49 5
237 55 4
237 57 4
237 64 4
237 68 4
237 69 4
237 76 4
237 78 4
237 81 3
237 82 4
237 85 4
237 86 4
237 87 4
237 88 5
237 89 3
237 90 3
237 94 4
237 96 4
237 97 4
237 98 5
237 110 4
237 115 0
237 117 3
237 123 5
237 130 4
237 131 5
237 132 4
237 133 5
237 136 5
237 142 4
237 143 4
237 144 1
237 150 4
237 153 4
237 154 5
237 160 3
237 161 5
237 165 4
237 167 4
237 169 5
237 172 4
237 173 5
237 175 4
237 178 4
237 179 4
237 180 4
237 182 4
237 184 4
237 185 4
237 189 5
237 190 4
237 194 4
237 196 5
237 203 4
237 206 4
237 207 4
237 210 5
237 211 3
237 212 4
237 213 4
237 215 4
237 216 0
237 217 5
237 218 1
237 228 3
237 233 4
237 236 4
237 237 4
237 238 0
237 243 0
237 252 0
237 253 0
237 264 5
237 274 4
237 275 5
237 280 3
237 282 4
237 285 4
237 286 4
237 287 4
237 291 0
237 300 4
237 317 5
237 377 4
237 380 5
237 392 3
237 401 4
237 403 4
237 411 3
237 414 0
237 417 3
237 418 3
237 420 4
237 422 5
237 427 4
237 431 4
237 432 4
237 434 4
237 435 5
237 446 4
237 449 4
237 450 4
237 462 4
237 465 4
237 472 4
237 477 4
237 479 4
237 481 4
237 482 5
237 483 4
237 484 4
237 495 4
237 496 4
237 498 4
237 500 3
237 506 5
237 511 4
237 513 4
237 516 3
237 517 2
237 520 4
237 522 4
237 558 5
237 565 4
237 580 5
237 581 4
237 582 4
237 583 4
237 587 3
237 602 4
237 606 4
237 613 4
237 628 3
237 639 4
237 641 4
237 650 5
237 651 4
237 653 4
237 654 4
237 656 4
237 659 4
237 662 4
237 664 4
237 671 3
237 673 2
237 682 4
237 683 3
237 691 3
237 695 0
237 696 3
237 697 0
237 698 4
237 701 3
237 704 4
237 706 4
237 707 4
237 708 5
237 709 2
237 726 0
237 729 0
237 731 4
237 735 4
237 736 3
237 738 4
237 745 5
237 746 3
237 747 2
237 752 4
237 754 4
237 769 4
237 777 2
237 780 3
237 793 3
237 811 0
237 841 4
237 842 0
237 945 0
237 954 4
237 968 4
238 14 4
238 20 2
238 99 5
238 117 4
238 120 5
238 180 5
238 219 2
238 236 4
238 244 3
238 254 3
238 268 4
238 279 4
238 285 3
238 320 3
238 470 2
238 475 2
238 814 4
238 865 3
239 6 3
239 12 3
239 13 4
239 99 4
239 120 4
239 146 2
239 236 4
239 239 1
239 241 3
239 245 3
239 256 3
239 272 4
239 275 4
239 281 4
239 284 4
239 287 3
239 300 2
239 404 3
239 474 4
239 590 4
239 894 2
240 69 0
240 170 0
240 197 0
240 241 3
240 242 2
240 270 0
240 271 0
240 282 0
240 299 3
240 309 0
240 311 0
240 312 0
240 327 3
240 328 0
240 339 0
240 349 0
240 511 0
240 514 0
240 581 0
240 689 0
240 735 0
240 748 0
240 749 0
240 750 0
240 885 0
240 903 0
240 920 0
240 936 0
241 0 3
241 6 4
241 8 0
241 14 2
241 24 2
241 120 5
241 258 3
241 287 0
241 293 3
241 682 2
242 6 4
242 10 4
242 11 5
242 13 0
242 16 4
242 21 3
242 25 0
242 26 0
242 28 3
242 30 4
242 32 0
242 37 3
242 38 0
242 40 0
242 41 4
242 43 0
242 52 3
242 53 3
242 54 3
242 55 5
242 61 3
242 63 4
242 66 3
242 67 3
242 78 4
242 81 2
242 97 5
242 99 5
242 116 4
242 128 4
242 143 4
242 149 0
242 153 4
242 155 4
242 158 4
242 160 2
242 167 4
242 173 5
242 175 5
242 176 0
242 181 4
242 183 4
242 185 4
242 194 5
242 202 4
242 203 4
242 208 5
242 209 4
242 218 4
242 225 3
242 227 0
242 228 3
242 229 3
242 230 3
242 233 4
242 239 3
242 272 4
242 275 5
242 280 2
242 285 0
242 287 3
242 293 3
242 317 2
242 341 0
242 349 0
242 366 3
242 384 0
242 400 0
242 402 4
242 409 3
242 435 4
242 448 3
242 451 3
242 481 0
242 507 5
242 545 2
242 553 2
242 558 2
242 568 3
242 571 0
242 575 2
242 577 0
242 590 4
242 627 4
242 634 4
242 635 3
242 671 3
242 683 3
242 684 0
242 694 0
242 709 0
242 745 0
242 768 1
242 779 3
242 799 2
242 809 0
242 833 1
242 872 0
242 942 0
242 974 3
243 11 5
243 270 4
243 308 0
243 312 4
243 339 4
243 342 2
243 357 2
243 643 5
243 677 3
243 686 2
244 8 4
244 49 4
244 99 4
244 244 0
244 250 0
244 257 4
244 274 4
244 747 4
244 750 3
244 905 3
244 911 2
244 915 0
245 6 3
245 8 4
245 22 4
245 27 2
245 49 5
245 54 0
245 63 5
245 78 3
245 86 4
245 99 5
245 116 2
245 117 2
245 120 4
245 122 2
245 126 4
245 143 4
245 146 2
245 149 3
245 173 4
245 180 4
245 194 3
245 202 3
245 203 4
245 207 4
245 208 4
245 220 3
245 234 1
245 236 4
245 244 0
245 245 4
245 247 2
245 272 4
245 275 4
245 290 3
245 292 4
245 294 4
245 309 3
245 312 4
245 323 1
245 324 4
245 329 1
245 332 2
245 339 3
245 345 4
245 404 2
245 407 3
245 409 2
245 459 2
245 474 3
245 478 4
245 479 4
245 503 4
245 543 0
245 590 3
245 594 2
245 596 3
245 602 4
245 627 3
245 643 0
245 688 2
245 741 3
245 743 3
245 747 2
245 761 3
245 762 1
245 817 2
245 822 4
245 828 2
245 830 2
245 839 2
245 843 1
245 844 3
245 880 2
245 885 3
245 894 1
245 907 1
245 918 1
245 958 0
245 978 2
246 267 3
246 268 3
246 269 4
246 287 3
246 291 3
246 293 2
246 300 3
246 301 4
246 302 3
246 325 1
246 326 3
246 327 3
246 331 2
246 333 1
246 358 1
246 687 1
246 689 3
246 753 4
246 882 2
246 886 3
246 887 2
247 0 4
247 4 3
247 6 3
247 8 4
247 10 3
247 16 3
247 26 3
247 27 4
247 30 4
247 54 3
247 55 4
247 64 4
247 67 4
247 68 4
247 69 4
247 88 4
247 90 4
247 95 4
247 97 4
247 99 5
247 110 3
247 116 3
247 122 4
247 134 4
247 143 4
247 146 3
247 147 2
247 149 4
247 150 3
247 152 4
247 155 4
247 156 4
247 157 3
247 173 4
247 175 5
247 179 4
247 182 4
247 203 3
247 205 4
247 208 4
247 217 4
247 221 3
247 226 3
247 230 2
247 232 2
247 233 4
247 247 4
247 251 2
247 259 2
247 280 3
247 283 3
247 285 3
247 287 0
247 289 0
247 292 3
247 297 3
247 299 3
247 366 3
247 404 2
247 409 4
247 434 4
247 446 4
247 468 5
247 469 4
247 482 5
247 483 5
247 497 4
247 543 0
247 545 3
247 558 2
247 581 3
247 590 4
247 596 4
247 628 3
247 641 3
247 677 2
247 741 3
247 747 0
247 759 2
247 814 0
247 822 3
247 844 3
247 865 0
247 925 0
247 962 0
247 980 0
248 261 3
248 267 4
248 268 3
248 270 3
248 285 4
248 291 5
248 300 1
248 302 4
248 304 4
248 306 3
248 318 4
248 320 4
248 326 3
248 332 4
248 337 1
248 339 2
248 343 2
248 749 5
248 883 2
248 895 5
248 899 5
248 901 3
249 8 4
249 14 0
249 58 4
249 59 3
249 60 0
249 99 5
249 116 3
249 117 0
249 121 0
249 126 4
249 136 4
249 169 4
249 170 2
249 178 5
249 211 4
249 223 0
249 247 0
249 250 0
249 268 4
249 272 4
249 275 4
249 284 5
249 285 5
249 287 0
249 290 0
249 292 0
249 309 3
249 336 0
249 380 0
249 409 0
249 458 0
249 472 0
249 545 0
249 557 4
249 741 0
249 747 0
249 752 0
249 762 0
249 935 0
249 982 0
250 0 3
250 1 3
250 2 4
250 3 4
250 6 4
250 9 4
250 11 5
250 12 5
250 14 4
250 25 0
250 27 4
250 28 2
250 34 0
250 37 3
250 38 3
250 48 4
250 50 4
250 53 4
250 55 5
250 57 4
250 59 3
250 63 5
250 64 4
250 65 3
250 66 2
250 69 3
250 70 4
250 72 4
250 76 4
250 78 4
250 79 3
250 80 4
250 81 4
250 82 4
250 85 1
250 86 4
250 87 3
250 88 4
250 89 3
250 91 4
250 93 3
250 94 4
250 96 5
250 97 4
250 98 4
250 99 5
250 100 4
250 109 3
250 111 0
250 113 0
250 116 4
250 120 4
250 122 3
250 124 3
250 125 4
250 126 5
250 130 4
250 131 4
250 132 4
250 133 4
250 134 4
250 135 4
250 138 3
250 140 4
250 141 2
250 142 4
250 143 4
250 144 2
250 151 4
250 152 4
250 153 4
250 154 3
250 156 4
250 157 0
250 160 3
250 161 5
250 162 4
250 163 3
250 165 3
250 166 4
250 167 4
250 168 4
250 172 4
250 173 5
250 175 4
250 176 4
250 178 4
250 179 4
250 181 4
250 182 4
250 184 4
250 186 4
250 190 4
250 191 4
250 192 5
250 193 4
250 194 4
250 195 4
250 196 4
250 198 4
250 199 4
250 201 4
250 202 4
250 203 4
250 204 3
250 206 4
250 207 5
250 209 4
250 210 5
250 214 4
250 215 4
250 217 4
250 221 4
250 222 5
250 224 3
250 225 4
250 226 3
250 228 3
250 230 3
250 232 4
250 236 4
250 237 4
250 238 4
250 240 4
250 244 4
250 251 4
250 253 0
250 257 4
250 263 4
250 264 4
250 268 2
250 269 4
250 271 4
250 273 3
250 274 5
250 276 4
250 277 3
250 279 4
250 280 3
250 281 3
250 282 0
250 287 4
250 289 4
250 291 5
250 293 2
250 298 3
250 299 3
250 300 1
250 301 4
250 303 4
250 304 4
250 309 0
250 310 3
250 311 1
250 312 5
250 314 5
250 315 4
250 327 3
250 331 3
250 339 2
250 353 3
250 356 4
250 366 4
250 370 4
250 372 3
250 377 5
250 379 4
250 380 4
250 381 3
250 382 1
250 383 2
250 384 4
250 386 3
250 392 3
250 394 0
250 395 3
250 399 0
250 400 3
250 401 4
250 413 5
250 415 4
250 416 3
250 417 3
250 418 3
250 420 4
250 421 0
250 427 5
250 430 3
250 431 4
250 432 4
250 433 4
250 434 5
250 442 4
250 447 3
250 450 4
250 454 3
250 461 5
250 464 3
250 466 4
250 468 3
250 469 3
250 470 3
250 471 3
250 473 5
250 475 2
250 476 3
250 477 4
250 478 4
250 479 4
250 480 4
250 481 4
250 482 5
250 483 5
250 486 3
250 487 3
250 489 4
250 490 4
250 492 5
250 493 4
250 494 4
250 495 4
250 496 4
250 498 4
250 499 4
250 501 5
250 502 4
250 504 3
250 505 5
250 506 3
250 508 5
250 509 5
250 510 5
250 513 4
250 517 5
250 519 5
250 522 4
250 524 5
250 525 4
250 526 5
250 527 4
250 529 5
250 534 3
250 548 4
250 549 4
250 552 3
250 556 4
250 557 3
250 558 4
250 560 2
250 565 4
250 567 4
250 569 4
250 581 4
250 582 3
250 588 4
250 590 4
250 601 4
250 603 4
250 605 4
250 606 3
250 607 4
250 608 2
250 609 4
250 610 3
250 611 4
250 612 4
250 613 4
250 617 4
250 619 4
250 621 4
250 628 4
250 629 4
250 630 4
250 631 3
250 632 4
250 636 3
250 641 4
250 646 5
250 647 5
250 649 4
250 650 5
250 654 4
250 656 4
250 658 4
250 659 4
250 660 5
250 662 4
250 672 4
250 678 4
250 684 4
250 685 4
250 688 2
250 691 4
250 692 4
250 699 2
250 703 3
250 704 4
250 706 3
250 707 4
250 708 4
250 709 3
250 711 4
250 713 0
250 714 4
250 715 4
250 716 2
250 722 3
250 726 4
250 727 2
250 728 4
250 730 4
250 734 4
250 735 5
250 741 3
250 746 4
250 747 3
250 750 4
250 760 4
250 761 4
250 764 3
250 770 2
250 773 2
250 774 4
250 777 4
250 782 3
250 784 3
250 789 3
250 791 4
250 793 4
250 800 3
250 806 1
250 814 4
250 820 3
250 822 4
250 831 4
250 836 0
250 841 2
250 844 4
250 845 3
250 846 4
250 864 5
250 868 3
250 872 1
250 877 1
250 899 4
250 901 3
250 903 0
250 904 0
250 907 1
250 920 4
250 922 5
250 925 2
250 927 3
250 933 2
250 935 0
250 938 0
250 939 0
250 941 4
250 950 3
250 955 0
250 964 0
250 965 0
250 966 0
250 968 4
251 241 0
251 242 3
251 258 0
251 259 2
251 261 0
251 267 4
251 268 2
251 269 4
251 285 3
251 287 2
251 288 3
251 291 5
251 293 2
251 298 3
251 299 3
251 300 1
251 302 4
251 304 4
251 306 3
251 307 3
251 318 4
251 321 4
251 322 2
251 324 0
251 326 3
251 327 3
251 328 2
251 329 0
251 330 4
251 331 3
251 332 3
251 335 0
251 336 0
251 358 0
251 359 4
251 456 1
251 679 0
251 680 0
251 681 2
251 686 1
251 748 0
251 871 3
251 873 5
251 874 1
251 876 2
251 878 2
251 879 3
251 880 2
251 881 0
251 882 3
251 883 2
251 936 0
251 937 0
251 983 0
251 988 0
251 990 0
251 994 0
252 6 4
252 7 4
252 13 4
252 21 4
252 24 3
252 26 4
252 44 4
252 47 5
252 51 4
252 57 4
252 59 5
252 60 4
252 61 4
252 63 5
252 65 3
252 68 4
252 69 3
252 72 3
252 85 2
252 87 4
252 88 4
252 95 4
252 96 4
252 98 4
252 110 4
252 120 4
252 123 4
252 126 5
252 131 4
252 133 4
252 134 4
252 135 4
252 142 3
252 151 4
252 153 4
252 155 5
252 160 4
252 161 4
252 162 4
252 167 5
252 169 4
252 170 3
252 172 4
252 173 4
252 179 4
252 180 4
252 182 4
252 184 4
252 185 4
252 186 4
252 187 4
252 190 4
252 193 4
252 194 4
252 196 4
252 200 2
252 201 4
252 202 4
252 203 5
252 206 4
252 211 3
252 215 4
252 233 4
252 236 4
252 242 3
252 244 0
252 258 2
252 268 2
252 275 4
252 285 3
252 293 2
252 317 4
252 370 3
252 383 3
252 403 4
252 417 3
252 418 2
252 419 4
252 422 4
252 426 5
252 429 4
252 431 4
252 434 5
252 442 4
252 454 4
252 457 4
252 460 4
252 461 5
252 464 3
252 466 5
252 471 4
252 478 4
252 481 4
252 482 4
252 484 3
252 487 3
252 490 4
252 491 5
252 493 4
252 494 4
252 495 5
252 497 4
252 501 5
252 505 5
252 509 5
252 512 4
252 516 4
252 517 4
252 520 4
252 522 4
252 525 4
252 529 5
252 530 3
252 553 3
252 575 3
252 587 4
252 596 3
252 602 4
252 608 3
252 613 4
252 614 4
252 623 4
252 630 3
252 635 3
252 640 5
252 647 4
252 653 5
252 658 4
252 659 4
252 683 4
252 728 4
252 735 4
252 779 2
252 780 4
252 791 4
252 804 4
252 814 4
252 862 0
252 873 5
252 923 0
252 946 0
252 968 0
252 970 3
253 2 4
253 3 4
253 6 4
253 8 4
253 10 4
253 11 5
253 16 2
253 21 4
253 23 3
253 32 4
253 41 4
253 47 5
253 48 3
253 49 5
253 52 3
253 58 4
253 67 4
253 68 4
253 72 3
253 78 4
253 79 3
253 92 4
253 93 4
253 96 4
253 97 4
253 99 4
253 116 4
253 121 2
253 124 3
253 131 4
253 142 3
253 153 4
253 155 4
253 156 4
253 157 4
253 163 4
253 167 4
253 171 4
253 173 5
253 180 4
253 185 4
253 187 4
253 195 4
253 203 4
253 209 4
253 230 3
253 232 3
253 237 5
253 238 4
253 245 4
253 247 4
253 253 2
253 257 4
253 267 4
253 275 4
253 287 4
253 297 4
253 317 4
253 353 4
253 355 3
253 356 4
253 363 2
253 366 4
253 368 2
253 383 2
253 384 4
253 392 3
253 400 3
253 401 4
253 409 3
253 411 2
253 415 4
253 420 4
253 422 4
253 423 0
253 426 5
253 455 2
253 470 3
253 474 4
253 475 2
253 495 4
253 507 4
253 508 4
253 514 4
253 549 4
253 551 4
253 565 4
253 567 4
253 577 4
253 585 2
253 590 4
253 627 4
253 650 4
253 654 4
253 683 4
253 692 4
253 696 0
253 716 3
253 720 3
253 741 3
253 870 2
253 958 4
253 962 5
253 974 4
254 0 4
254 10 4
254 11 4
254 14 4
254 21 4
254 27 4
254 49 5
254 50 3
254 54 4
254 55 4
254 57 4
254 65 3
254 68 4
254 69 3
254 72 4
254 75 3
254 76 4
254 78 4
254 81 3
254 86 4
254 87 4
254 88 4
254 95 4
254 96 4
254 97 4
254 98 4
254 99 5
254 106 0
254 113 5
254 116 3
254 117 3
254 120 4
254 123 5
254 130 4
254 132 4
254 133 4
254 135 5
254 142 4
254 143 4
254 152 4
254 160 4
254 161 4
254 163 4
254 168 4
254 171 4
254 172 5
254 173 4
254 180 4
254 181 4
254 184 4
254 190 4
254 194 4
254 195 4
254 196 4
254 198 4
254 201 4
254 202 4
254 203 4
254 209 4
254 210 4
254 214 4
254 221 3
254 227 4
254 233 4
254 236 4
254 244 0
254 247 4
254 249 4
254 254 4
254 256 4
254 257 4
254 258 2
254 259 1
254 269 4
254 271 4
254 276 5
254 278 5
254 285 4
254 288 1
254 292 4
254 299 3
254 309 4
254 314 4
254 315 5
254 316 4
254 317 4
254 321 2
254 322 3
254 325 3
254 355 3
254 356 4
254 377 4
254 384 4
254 391 3
254 413 4
254 417 4
254 418 3
254 422 4
254 426 4
254 430 4
254 433 4
254 434 4
254 450 3
254 464 3
254 467 4
254 473 4
254 477 4
254 478 4
254 481 3
254 482 5
254 483 5
254 484 4
254 486 4
254 489 4
254 491 4
254 492 5
254 495 4
254 496 4
254 506 4
254 508 4
254 518 4
254 519 4
254 525 4
254 527 4
254 530 4
254 565 3
254 567 4
254 602 4
254 604 4
254 606 0
254 609 4
254 611 4
254 613 4
254 626 2
254 630 3
254 632 4
254 641 3
254 648 5
254 650 4
254 653 4
254 654 4
254 656 4
254 658 4
254 659 4
254 660 4
254 677 2
254 684 4
254 685 4
254 691 3
254 692 4
254 693 4
254 704 4
254 706 4
254 723 4
254 734 4
254 735 4
254 739 2
254 741 4
254 745 4
254 835 2
254 836 4
254 841 2
254 872 1
254 874 1
254 878 2
254 938 4
254 944 5
254 955 4
254 967 0
255 0 4
255 1 3
255 3 4
255 6 4
255 7 4
255 8 4
255 11 5
255 13 4
255 16 3
255 19 4
255 23 3
255 24 3
255 30 4
255 38 4
255 39 3
255 41 4
255 43 4
255 46 3
255 52 3
255 55 5
255 56 5
255 57 4
255 63 5
255 68 4
255 69 3
255 70 4
255 86 4
255 94 4
255 95 4
255 96 4
255 97 4
255 99 4
255 117 3
255 122 4
255 124 4
255 125 3
255 126 4
255 134 4
255 147 3
255 160 4
255 169 5
255 173 5
255 175 4
255 190 4
255 195 4
255 196 4
255 203 5
255 213 4
255 216 3
255 221 4
255 222 5
255 227 4
255 233 4
255 236 4
255 240 3
255 244 2
255 251 4
255 254 3
255 256 4
255 264 4
255 269 5
255 274 3
255 275 3
255 276 0
255 278 5
255 280 3
255 281 4
255 287 4
255 288 3
255 290 3
255 291 5
255 292 0
255 299 3
255 300 3
255 303 2
255 306 4
255 312 4
255 316 4
255 317 4
255 320 3
255 322 3
255 333 3
255 342 4
255 379 3
255 381 3
255 392 4
255 401 4
255 404 3
255 422 4
255 427 5
255 446 4
255 454 4
255 461 5
255 464 4
255 470 3
255 474 3
255 503 4
255 507 4
255 510 5
255 514 4
255 517 4
255 528 3
255 530 4
255 581 3
255 583 3
255 590 4
255 596 3
255 626 4
255 627 3
255 628 4
255 646 5
255 659 4
255 677 3
255 691 4
255 693 4
255 708 4
255 723 4
255 726 4
255 737 3
255 746 4
255 754 4
255 777 4
255 897 1
255 933 2
255 938 4
256 0 4
256 2 3
256 3 5
256 8 4
256 11 5
256 12 4
256 21 4
256 22 4
256 31 4
256 41 4
256 45 0
256 49 4
256 52 3
256 53 4
256 56 5
256 59 3
256 60 4
256 67 3
256 68 4
256 70 4
256 78 4
256 79 3
256 85 3
256 90 3
256 91 4
256 94 4
256 96 4
256 99 5
256 100 4
256 110 4
256 120 3
256 124 3
256 126 4
256 132 4
256 134 5
256 142 4
256 160 3
256 167 4
256 169 4
256 171 5
256 173 5
256 174 4
256 176 4
256 178 4
256 180 4
256 181 4
256 184 4
256 185 4
256 186 4
256 187 3
256 193 4
256 195 4
256 196 5
256 199 4
256 201 3
256 209 4
256 210 4
256 217 4
256 221 4
256 225 4
256 227 4
256 230 3
256 231 3
256 233 4
256 237 4
256 267 4
256 272 4
256 273 3
256 281 4
256 285 3
256 293 3
256 324 4
256 345 4
256 356 4
256 365 3
256 368 2
256 379 4
256 402 4
256 409 3
256 413 4
256 418 3
256 420 4
256 422 4
256 426 5
256 430 3
256 431 4
256 432 5
256 442 4
256 447 3
256 448 4
256 451 4
256 459 1
256 460 4
256 461 4
256 473 4
256 474 4
256 478 5
256 483 5
256 489 4
256 497 5
256 504 4
256 505 5
256 507 4
256 522 4
256 545 3
256 558 3
256 567 3
256 577 3
256 580 5
256 581 4
256 602 4
256 607 4
256 615 4
256 639 4
256 654 4
256 657 3
256 659 4
256 661 4
256 671 2
256 672 4
256 692 4
256 695 3
256 707 4
256 709 3
256 714 4
256 719 2
256 720 0
256 736 2
256 742 1
256 762 2
256 788 4
256 805 4
256 817 3
256 844 4
256 863 3
256 918 4
256 921 0
256 932 1
256 942 3
256 954 4
256 958 4
256 962 5
256 978 2
256 984 2
257 3 4
257 6 4
257 7 3
257 8 5
257 10 2
257 11 5
257 13 4
257 14 0
257 19 4
257 26 3
257 30 3
257 37 3
257 43 5
257 44 4
257 47 5
257 49 5
257 50 3
257 51 0
257 52 3
257 53 3
257 55 5
257 56 5
257 57 4
257 58 4
257 61 4
257 63 5
257 64 4
257 65 4
257 69 2
257 76 4
257 78 4
257 81 3
257 82 2
257 85 3
257 88 5
257 90 3
257 93 3
257 95 4
257 96 4
257 99 5
257 104 2
257 113 5
257 116 3
257 117 3
257 121 0
257 126 5
257 131 4
257 133 4
257 136 5
257 142 2
257 143 4
257 147 2
257 150 4
257 154 2
257 155 4
257 156 4
257 160 4
257 161 4
257 163 3
257 167 5
257 171 4
257 172 4
257 173 5
257 175 4
257 179 4
257 180 4
257 181 4
257 182 4
257 184 4
257 185 4
257 189 5
257 190 4
257 191 4
257 192 5
257 193 5
257 194 4
257 195 5
257 196 4
257 199 4
257 202 4
257 203 5
257 208 4
257 213 4
257 214 4
257 215 4
257 217 3
257 218 1
257 225 4
257 228 4
257 229 3
257 230 3
257 231 3
257 233 5
257 234 5
257 236 4
257 238 4
257 239 0
257 240 4
257 242 2
257 247 4
257 256 4
257 257 4
257 264 4
257 281 0
257 284 5
257 287 4
257 303 0
257 317 3
257 356 3
257 365 0
257 369 0
257 371 0
257 372 0
257 377 5
257 379 4
257 384 4
257 392 4
257 394 0
257 400 2
257 401 4
257 402 3
257 404 2
257 409 1
257 410 2
257 411 0
257 416 2
257 424 0
257 427 5
257 435 4
257 442 4
257 447 2
257 449 4
257 451 4
257 452 2
257 454 4
257 455 0
257 457 0
257 461 5
257 468 0
257 469 3
257 470 2
257 471 4
257 472 4
257 473 5
257 475 2
257 482 4
257 499 0
257 506 3
257 508 5
257 526 5
257 528 3
257 530 3
257 539 3
257 545 4
257 548 4
257 552 2
257 558 3
257 565 4
257 567 4
257 581 5
257 583 4
257 587 4
257 596 3
257 622 3
257 627 3
257 628 0
257 630 4
257 631 3
257 635 3
257 639 3
257 650 5
257 654 5
257 657 3
257 663 0
257 672 3
257 678 4
257 691 4
257 698 0
257 703 0
257 707 0
257 708 4
257 716 0
257 719 4
257 721 0
257 726 0
257 728 0
257 731 5
257 738 4
257 741 0
257 743 0
257 746 4
257 754 3
257 755 0
257 757 1
257 768 3
257 769 4
257 774 4
257 782 3
257 791 5
257 818 0
257 824 0
257 840 0
257 844 3
257 870 2
257 930 0
257 933 0
257 947 0
257 948 0
257 958 0
257 979 0
258 7 4
258 8 4
258 11 4
258 12 5
258 13 4
258 19 4
258 22 5
258 24 3
258 27 4
258 31 3
258 47 4
258 49 5
258 56 2
258 57 3
258 85 2
258 95 4
258 97 4
258 116 4
258 120 4
258 123 5
258 125 5
258 126 4
258 128 3
258 133 5
258 142 5
258 143 4
258 146 4
258 151 5
258 168 4
258 173 5
258 177 4
258 178 4
258 179 4
258 180 5
258 181 4
258 182 5
258 188 0
258 189 4
258 190 4
258 191 0
258 192 4
258 194 5
258 202 4
258 207 5
258 208 4
258 233 5
258 236 4
258 237 4
258 244 2
258 249 4
258 254 4
258 272 4
258 277 0
258 281 4
258 282 4
258 283 2
258 284 0
258 285 4
258 286 3
258 287 4
258 292 0
258 297 4
258 300 1
258 303 5
258 306 3
258 316 4
258 317 5
258 318 4
258 320 4
258 329 0
258 332 4
258 345 4
258 356 4
258 386 3
258 404 3
258 407 0
258 409 3
258 422 5
258 424 4
258 426 5
258 429 4
258 466 5
258 468 5
258 472 4
258 473 4
258 495 4
258 508 4
258 513 4
258 516 4
258 520 4
258 525 3
258 528 4
258 529 5
258 545 3
258 581 4
258 587 4
258 588 4
258 590 4
258 596 3
258 602 4
258 631 3
258 643 4
258 647 0
258 650 5
258 653 4
258 662 4
258 684 4
258 693 4
258 695 0
258 703 2
258 708 4
258 716 3
258 735 4
258 741 4
258 749 5
258 752 0
258 791 4
258 843 1
258 846 4
258 895 5
258 924 0
258 938 4
258 951 3
258 955 0
258 979 0
259 0 5
259 2 0
259 6 0
259 7 1
259 14 0
259 15 5
259 18 0
259 21 4
259 24 4
259 99 5
259 107 5
259 110 0
259 116 3
259 119 1
259 120 4
259 122 4
259 133 4
259 146 3
259 147 2
259 163 3
259 171 0
259 173 5
259 180 5
259 193 4
259 215 0
259 219 3
259 221 4
259 224 2
259 229 4
259 244 2
259 248 4
259 249 4
259 254 2
259 257 5
259 263 2
259 277 0
259 281 0
259 285 0
259 288 0
259 290 0
259 294 0
259 299 0
259 300 0
259 321 0
259 322 0
259 327 0
259 331 0
259 332 0
259 335 0
259 356 0
259 357 0
259 410 0
259 471 0
259 472 0
259 522 0
259 545 0
259 567 0
259 595 0
259 596 0
259 650 0
259 675 0
259 677 0
259 684 0
259 686 0
259 741 0
259 747 0
259 814 0
259 824 0
259 826 0
259 831 0
259 845 0
259 863 0
259 865 0
259 872 0
259 878 0
259 933 0
259 968 0
259 977 0
259 988 0
260 0 4
260 6 4
260 9 2
260 13 3
260 19 1
260 116 3
260 126 4
260 128 3
260 145 1
260 220 1
260 223 2
260 241 3
260 247 2
260 249 4
260 252 0
260 256 4
260 257 4
260 272 4
260 274 2
260 275 3
260 278 3
260 285 3
260 288 4
260 293 3
260 296 3
260 300 2
260 301 4
260 302 3
260 306 2
260 310 2
260 321 3
260 326 3
260 457 3
260 514 5
260 531 5
260 590 4
260 675 3
260 712 4
260 743 2
261 120 5
261 157 3
261 241 3
261 254 3
261 268 3
261 284 4
261 301 3
261 303 2
261 318 2
261 346 0
261 681 3
262 10 1
262 21 4
262 99 5
262 135 0
262 236 4
262 258 3
262 270 1
262 287 2
262 288 3
262 291 4
262 299 3
262 312 4
262 320 2
262 331 2
262 357 4
262 677 2
262 681 2
262 865 3
262 894 2
263 2 0
263 6 2
263 9 5
263 13 4
263 14 3
263 19 4
263 23 1
263 49 4
263 92 4
263 99 5
263 102 0
263 106 0
263 111 0
263 115 4
263 116 3
263 120 4
263 123 5
263 125 3
263 126 4
263 136 5
263 146 3
263 148 3
263 149 4
263 150 2
263 220 5
263 223 4
263 224 0
263 234 2
263 241 4
263 242 3
263 243 0
263 247 0
263 248 0
263 249 4
263 252 0
263 256 0
263 257 3
263 267 4
263 269 4
263 273 3
263 281 0
263 282 5
263 283 3
263 284 5
263 287 0
263 300 3
263 303 0
263 305 4
263 310 4
263 318 4
263 346 4
263 361 0
263 454 3
263 471 5
263 472 4
263 474 3
263 476 4
263 507 4
263 543 0
263 592 0
263 595 4
263 596 3
263 688 2
263 740 0
263 743 0
263 750 5
263 818 0
263 844 3
263 863 4
263 869 0
263 879 3
263 886 5
263 925 0
263 929 0
263 949 4
263 951 0
263 987 0
263 992 0
264 15 1
264 115 1
264 175 0
264 180 5
264 193 5
264 247 0
264 257 4
264 259 2
264 268 2
264 285 2
264 288 3
264 292 0
264 297 5
264 299 2
264 300 2
264 320 2
264 321 2
264 327 3
264 332 3
264 357 2
264 481 5
264 602 4
264 677 2
264 704 5
264 708 4
264 747 2
264 878 2
265 0 4
265 6 3
265 7 4
265 11 5
265 21 4
265 27 4
265 31 4
265 55 4
265 63 5
265 86 4
265 96 4
265 99 4
265 108 4
265 113 5
265 131 5
265 133 4
265 135 4
265 142 3
265 153 4
265 168 4
265 171 4
265 173 4
265 174 4
265 178 4
265 179 4
265 180 4
265 189 4
265 190 4
265 193 4
265 197 4
265 198 4
265 201 3
265 256 2
265 257 4
265 282 4
265 285 3
265 299 3
265 317 4
265 318 4
265 394 0
265 403 4
265 422 4
265 427 5
265 473 5
265 474 4
265 477 4
265 480 4
265 495 4
265 528 4
265 583 3
265 587 4
265 602 5
265 614 4
265 637 4
265 650 4
265 655 5
265 704 4
265 854 4
266 1 3
266 10 5
266 21 4
266 23 3
266 26 4
266 49 5
266 54 4
266 55 4
266 61 3
266 78 4
266 86 4
266 88 4
266 94 4
266 95 4
266 97 4
266 116 4
266 126 4
266 127 3
266 143 4
266 173 5
266 180 4
266 181 4
266 182 4
266 183 3
266 186 4
266 187 3
266 209 4
266 230 3
266 231 3
266 257 4
266 264 4
266 267 4
266 268 3
266 272 3
266 287 4
266 291 0
266 293 3
266 301 4
266 305 4
266 307 3
266 312 4
266 314 0
266 320 3
266 323 0
266 325 3
266 326 3
266 327 4
266 330 0
266 332 3
266 333 3
266 345 2
266 348 0
266 349 0
266 353 0
266 356 4
266 384 4
266 404 3
266 454 4
266 517 4
266 545 3
266 549 4
266 565 4
266 567 4
266 650 4
266 681 0
266 747 2
266 872 0
266 881 0
266 884 0
266 897 2
266 901 0
266 907 0
266 994 0
267 6 4
267 9 3
267 23 3
267 49 4
267 92 3
267 99 5
267 107 3
267 108 4
267 149 4
267 239 2
267 245 4
267 247 4
267 248 3
267 263 3
267 267 4
267 268 3
267 272 4
267 275 4
267 297 4
267 326 3
267 339 2
267 454 3
267 474 4
267 741 4
267 761 4
267 918 2
268 0 4
268 3 4
268 6 3
268 7 4
268 12 4
268 14 3
268 18 4
268 21 4
268 22 4
268 24 3
268 30 4
268 38 4
268 41 4
268 46 4
268 50 3
268 55 4
268 57 4
268 68 4
268 69 3
268 70 4
268 94 4
268 95 5
268 96 3
268 97 4
268 99 5
268 110 3
268 115 3
268 117 3
268 120 3
268 125 4
268 131 5
268 136 5
268 143 4
268 149 4
268 152 4
268 156 4
268 158 4
268 159 4
268 169 4
268 171 5
268 172 4
268 177 4
268 179 4
268 180 4
268 181 5
268 190 4
268 191 4
268 194 4
268 199 4
268 208 4
268 213 1
268 215 4
268 221 4
268 237 4
268 245 4
268 250 0
268 256 3
268 257 4
268 272 4
268 282 4
268 284 5
268 292 4
268 293 3
268 296 3
268 317 4
268 320 4
268 356 4
268 366 3
268 376 1
268 404 3
268 410 2
268 422 4
268 426 4
268 427 5
268 434 5
268 461 4
268 468 5
268 470 2
268 474 4
268 497 4
268 506 3
268 528 4
268 543 4
268 581 4
268 602 5
268 611 4
268 641 4
268 654 4
268 661 4
268 691 3
268 698 4
268 723 4
268 741 3
268 825 3
268 855 4
268 925 2
268 951 4
269 63 4
269 64 4
269 126 4
269 133 5
269 135 4
269 152 4
269 193 4
269 198 4
269 214 4
269 285 4
269 305 4
269 482 5
269 483 5
269 489 4
269 494 4
269 506 4
269 510 4
269 519 4
269 529 4
269 581 4
269 604 3
269 609 4
269 610 4
269 640 0
269 653 5
269 655 5
269 704 4
269 854 4
269 922 5
270 0 4
270 6 2
270 8 5
270 12 5
270 18 0
270 49 5
270 92 5
270 99 5
270 117 4
270 124 3
270 149 5
270 180 5
270 220 5
270 234 5
270 247 4
270 256 4
270 257 4
270 275 5
270 282 0
270 283 0
270 284 0
270 285 3
270 292 0
270 293 2
270 294 0
270 359 4
270 457 0
270 470 1
270 474 3
270 507 3
270 543 0
270 545 3
270 812 0
270 823 3
270 918 0
270 949 0
270 951 0
271 0 4
271 7 4
271 49 4
271 93 3
271 94 4
271 98 4
271 139 0
271 224 3
271 403 4
271 417 2
271 476 4
271 500 4
271 595 3
271 767 4
271 877 1
271 931 0
271 968 0
272 0 3
272 1 0
272 2 2
272 3 5
272 6 4
272 10 0
272 11 0
272 20 1
272 23 1
272 26 4
272 27 5
272 28 3
272 32 0
272 37 0
272 40 0
272 42 0
272 48 0
272 50 2
272 55 5
272 62 0
272 63 5
272 65 0
272 67 4
272 68 0
272 70 0
272 71 5
272 72 3
272 77 3
272 78 4
272 79 4
272 81 3
272 87 0
272 89 3
272 93 0
272 96 5
272 98 5
272 100 5
272 108 1
272 116 2
272 117 2
272 119 0
272 120 4
272 121 2
272 122 2
272 131 0
272 134 5
272 140 5
272 150 4
272 160 3
272 167 5
272 171 4
272 172 0
272 173 5
272 174 5
272 176 4
272 180 3
272 182 4
272 184 5
272 185 4
272 192 5
272 194 5
272 195 5
272 203 5
272 209 4
272 214 4
272 216 0
272 217 0
272 225 5
272 227 4
272 228 3
272 231 3
272 232 0
272 233 5
272 238 0
272 239 1
272 249 0
272 253 0
272 254 0
272 257 4
272 259 1
272 270 0
272 287 4
272 312 0
272 317 0
272 322 2
272 342 0
272 354 0
272 357 2
272 361 0
272 364 0
272 367 1
272 369 0
272 372 0
272 373 0
272 374 0
272 377 5
272 379 4
272 383 3
272 385 4
272 390 3
272 391 0
272 392 4
272 394 0
272 399 0
272 400 4
272 403 5
272 410 3
272 415 5
272 416 3
272 417 4
272 430 4
272 442 5
272 448 3
272 464 4
272 472 0
272 474 2
272 476 1
272 484 5
272 495 5
272 500 5
272 540 2
272 545 4
272 547 5
272 549 4
272 551 4
272 558 5
272 560 0
272 561 5
272 566 1
272 567 5
272 568 0
272 575 5
272 576 0
272 577 3
272 583 4
272 587 4
272 596 3
272 608 3
272 624 3
272 632 5
272 654 5
272 664 4
272 671 1
272 684 0
272 688 0
272 714 0
272 719 0
272 738 0
272 741 4
272 742 0
272 745 0
272 746 0
272 750 0
272 754 0
272 755 2
272 757 1
272 759 1
272 762 1
272 767 0
272 770 0
272 779 0
272 789 0
272 795 0
272 809 0
272 825 0
272 833 3
272 876 2
272 889 0
272 894 0
272 923 3
272 927 3
272 929 1
272 930 1
272 939 0
272 945 0
272 950 0
272 976 1
273 6 3
273 8 4
273 9 4
273 13 4
273 24 4
273 115 2
273 123 4
273 128 3
273 136 4
273 241 4
273 256 4
273 274 4
273 275 3
273 292 3
273 301 4
273 302 3
273 318 3
273 326 3
273 546 2
273 812 4
274 6 4
274 7 4
274 10 3
274 11 5
274 12 4
274 13 5
274 14 4
274 21 4
274 22 4
274 25 4
274 41 4
274 43 4
274 44 4
274 47 5
274 49 5
274 51 4
274 57 4
274 59 4
274 60 4
274 63 5
274 65 4
274 67 4
274 68 4
274 69 3
274 70 4
274 71 4
274 72 3
274 75 0
274 76 4
274 78 4
274 82 4
274 85 4
274 86 4
274 87 4
274 88 4
274 91 4
274 96 4
274 97 4
274 98 4
274 99 4
274 106 0
274 115 4
274 116 2
274 120 4
274 130 4
274 131 4
274 133 4
274 134 4
274 135 4
274 140 4
274 149 5
274 160 3
274 167 4
274 169 5
274 170 4
274 171 4
274 172 4
274 174 4
274 175 4
274 177 4
274 178 4
274 179 4
274 180 4
274 181 4
274 182 4
274 190 4
274 191 4
274 192 4
274 193 4
274 194 4
274 195 4
274 197 4
274 202 4
274 204 4
274 206 4
274 207 4
274 209 4
274 210 4
274 211 4
274 214 4
274 215 4
274 217 4
274 220 5
274 226 4
274 229 4
274 233 4
274 236 4
274 237 5
274 243 0
274 247 3
274 251 2
274 256 0
274 257 4
274 264 4
274 273 3
274 274 5
274 275 4
274 281 0
274 282 5
274 284 5
274 287 5
274 288 3
274 290 2
274 292 0
274 297 1
274 301 4
274 312 4
274 314 5
274 315 5
274 316 5
274 321 3
274 325 3
274 345 4
274 355 3
274 379 4
274 381 4
274 384 4
274 409 2
274 413 5
274 415 4
274 417 3
274 418 3
274 429 4
274 433 4
274 434 4
274 435 4
274 460 4
274 461 4
274 462 5
274 469 3
274 473 5
274 474 4
274 477 4
274 479 4
274 480 4
274 482 5
274 483 4
274 485 4
274 487 4
274 488 4
274 489 4
274 490 4
274 492 5
274 494 4
274 495 5
274 496 4
274 497 4
274 498 4
274 502 4
274 505 5
274 506 4
274 507 4
274 510 5
274 512 4
274 513 4
274 516 3
274 517 4
274 518 4
274 519 4
274 520 4
274 524 4
274 525 4
274 526 4
274 527 4
274 528 4
274 529 5
274 552 3
274 565 4
274 583 4
274 590 3
274 600 4
274 601 4
274 602 4
274 603 4
274 604 4
274 606 3
274 609 4
274 613 4
274 614 4
274 617 4
274 627 4
274 632 4
274 640 5
274 641 4
274 645 4
274 647 5
274 648 4
274 650 4
274 652 4
274 656 4
274 658 4
274 659 4
274 660 4
274 663 4
274 675 3
274 683 4
274 684 5
274 691 3
274 695 0
274 696 0
274 698 4
274 704 4
274 706 3
274 707 4
274 708 5
274 734 4
274 735 4
274 743 0
274 755 2
274 788 4
274 791 4
274 835 3
274 847 5
274 920 5
274 922 4
274 938 4
274 942 0
274 944 4
274 962 5
274 965 2
274 970 4
274 995 0
275 69 4
275 99 5
275 126 5
275 258 2
275 285 3
275 312 4
275 380 0
276 3 4
276 25 3
276 32 4
276 55 4
276 62 3
276 66 2
276 71 3
276 72 3
276 79 3
276 82 4
276 87 4
276 167 4
276 172 4
276 174 4
276 185 4
276 201 4
276 203 4
276 208 4
276 210 4
276 215 4
276 231 3
276 237 4
276 238 4
276 287 3
276 293 3
276 299 3
276 327 3
276 342 1
276 366 3
276 385 2
276 434 4
276 578 0
276 647 4
276 654 4
276 691 3
276 709 2
276 711 3
276 714 3
276 733 2
276 737 0
276 747 3
276 764 3
276 780 3
276 789 3
276 791 4
276 889 2
276 943 2
276 998 4
277 19 0
277 24 0
277 35 0
277 48 4
277 87 0
277 89 4
277 236 5
277 254 4
277 281 5
277 288 5
277 293 5
277 368 0
277 552 0
277 708 0
277 721 0
277 730 3
277 731 0
277 755 4
277 780 0
277 845 0
278 0 4
278 6 2
278 16 1
278 22 4
278 25 4
278 27 0
278 39 2
278 41 4
278 47 5
278 49 4
278 64 5
278 68 3
278 71 4
278 76 0
278 78 4
278 80 3
278 92 0
278 97 4
278 110 4
278 121 0
278 133 5
278 142 4
278 144 0
278 150 3
278 159 4
278 160 5
278 187 3
278 195 4
278 215 3
278 217 0
278 218 1
278 221 4
278 230 3
278 236 4
278 237 4
278 254 4
278 275 5
278 281 0
278 287 0
278 299 2
278 317 4
278 326 3
278 339 3
278 349 2
278 353 2
278 356 3
278 366 4
278 368 0
278 380 4
278 391 3
278 402 2
278 409 1
278 411 0
278 426 5
278 446 2
278 450 2
278 466 5
278 468 0
278 517 4
278 567 4
278 590 0
278 603 5
278 615 0
278 654 5
278 657 0
278 672 3
278 683 4
278 742 0
278 762 1
278 842 5
278 865 3
278 958 0
278 974 0
279 0 4
279 7 4
279 23 3
279 27 4
279 30 4
279 49 5
279 53 4
279 54 4
279 57 4
279 65 4
279 69 3
279 70 4
279 78 4
279 81 4
279 87 4
279 88 5
279 94 4
279 95 4
279 96 3
279 99 4
279 100 4
279 107 2
279 110 4
279 116 3
279 117 4
279 120 4
279 121 3
279 126 5
279 132 4
279 134 4
279 143 4
279 146 4
279 147 3
279 152 4
279 160 4
279 163 4
279 167 4
279 171 4
279 172 4
279 173 5
279 174 4
279 175 4
279 176 4
279 178 4
279 179 4
279 180 4
279 181 4
279 182 4
279 184 4
279 186 5
279 187 4
279 188 4
279 189 4
279 194 4
279 196 4
279 197 4
279 200 3
279 203 5
279 208 5
279 209 4
279 210 5
279 212 4
279 214 4
279 215 4
279 227 4
279 229 4
279 240 4
279 247 4
279 248 4
279 254 4
279 256 2
279 257 4
279 260 2
279 263 3
279 264 4
279 265 1
279 269 4
279 271 4
279 273 4
279 280 3
279 281 4
279 285 3
279 287 4
279 293 3
279 294 2
279 297 4
279 299 3
279 303 3
279 324 4
279 327 3
279 355 4
279 357 4
279 379 4
279 384 4
279 397 2
279 404 3
279 420 4
279 421 4
279 422 4
279 435 4
279 454 3
279 462 4
279 471 3
279 478 4
279 482 5
279 488 4
279 509 4
279 510 5
279 522 4
279 525 4
279 527 4
279 534 0
279 545 3
279 565 4
279 587 4
279 601 4
279 603 4
279 615 5
279 628 3
279 631 3
279 639 5
279 650 5
279 654 4
279 679 1
279 687 1
279 691 4
279 726 4
279 731 4
279 738 4
279 747 3
279 750 4
279 751 1
279 839 3
279 878 2
279 930 2
279 944 0
280 7 4
280 11 4
280 63 4
280 88 4
280 95 4
280 99 4
280 113 0
280 126 3
280 164 0
280 171 5
280 173 5
280 174 4
280 182 4
280 189 4
280 190 4
280 212 0
280 233 4
280 236 4
280 256 2
280 257 4
280 264 4
280 271 4
280 297 4
280 346 5
280 461 5
280 478 0
280 482 5
280 503 3
280 509 5
280 510 4
280 516 5
280 602 4
280 614 4
280 641 4
280 660 5
280 704 4
280 862 0
281 3 4
281 41 4
281 49 5
281 65 3
281 69 3
281 85 1
281 99 4
281 152 4
281 162 3
281 172 4
281 189 4
281 196 4
281 203 5
281 206 4
281 209 4
281 215 4
281 282 0
281 312 4
281 317 4
281 321 4
281 366 4
281 426 5
281 429 4
281 478 4
281 483 5
281 504 3
281 506 3
281 523 4
281 647 5
281 649 4
281 658 4
281 677 3
281 691 4
281 779 2
282 126 5
282 256 5
282 268 3
282 287 4
282 294 0
282 297 3
282 310 3
282 314 4
282 345 4
282 875 2
282 880 2
282 987 0
283 0 4
283 11 5
283 19 4
283 98 4
283 106 4
283 108 4
283 115 4
283 120 4
283 150 4
283 179 4
283 194 4
283 196 4
283 198 4
283 228 3
283 229 3
283 249 4
283 256 4
283 269 4
283 270 3
283 273 4
283 274 4
283 276 3
283 285 3
283 289 2
283 312 4
283 317 4
283 364 2
283 379 4
283 404 3
283 448 3
283 449 2
283 461 3
283 479 4
283 537 0
283 581 4
283 611 5
283 742 2
283 899 0
284 0 4
284 6 4
284 8 4
284 14 3
284 23 3
284 24 3
284 27 4
284 28 3
284 49 5
284 50 4
284 52 4
284 55 4
284 68 5
284 69 3
284 70 4
284 72 3
284 78 4
284 81 4
284 93 4
284 95 4
284 96 4
284 97 4
284 110 4
284 121 2
284 134 4
284 135 4
284 140 4
284 142 4
284 143 4
284 149 4
284 150 3
284 167 5
284 172 4
284 173 5
284 180 4
284 194 5
284 201 4
284 203 5
284 215 4
284 221 4
284 226 3
284 228 4
284 233 5
284 234 2
284 236 4
284 247 4
284 249 4
284 251 4
284 254 4
284 256 4
284 257 4
284 273 3
284 274 2
284 292 0
284 293 3
284 299 3
284 312 5
284 314 4
284 317 4
284 342 3
284 384 4
284 391 4
284 398 4
284 404 3
284 418 3
284 421 0
284 426 4
284 430 4
284 448 4
284 450 4
284 462 4
284 471 3
284 509 4
284 549 5
284 553 3
284 559 4
284 561 4
284 567 4
284 577 4
284 587 4
284 596 3
284 624 4
284 650 5
284 654 4
284 664 3
284 678 4
284 691 3
284 698 4
284 745 5
284 777 4
284 822 4
284 828 1
284 848 0
284 878 3
284 923 3
284 925 1
285 287 5
285 288 4
285 302 4
285 306 3
285 312 4
285 318 4
285 320 4
285 325 0
285 329 0
285 346 4
285 747 4
286 0 4
286 2 3
286 6 3
286 9 4
286 12 4
286 13 4
286 14 4
286 92 3
286 108 3
286 110 4
286 120 4
286 122 3
286 123 4
286 124 4
286 126 4
286 128 2
286 136 4
286 145 1
286 146 4
286 149 4
286 150 4
286 180 4
286 219 3
286 220 2
286 234 2
286 235 1
286 236 4
286 244 4
286 247 5
286 249 5
286 254 4
286 256 4
286 257 4
286 261 2
286 263 3
286 269 4
286 272 4
286 274 4
286 275 4
286 276 2
286 279 4
286 281 4
286 283 3
286 284 3
286 285 3
286 286 3
286 294 0
286 297 2
286 298 3
286 299 2
286 304 3
286 318 4
286 320 2
286 321 1
286 326 3
286 330 2
286 331 3
286 332 4
286 459 2
286 470 3
286 474 3
286 475 3
286 507 4
286 590 4
286 594 2
286 596 3
286 619 2
286 627 4
286 677 3
286 688 2
286 689 3
286 695 3
286 716 3
286 717 1
286 741 4
286 747 2
286 761 4
286 765 2
286 817 2
286 822 4
286 845 3
286 863 2
286 871 2
286 873 3
286 878 2
286 879 3
286 881 1
286 885 3
286 886 3
286 923 4
286 934 0
286 935 0
286 974 3
286 993 0
286 994 1
287 0 4
287 1 2
287 2 1
287 3 5
287 11 4
287 16 2
287 24 2
287 27 4
287 30 4
287 37 2
287 41 4
287 42 2
287 44 4
287 47 4
287 48 4
287 49 5
287 54 4
287 57 4
287 65 2
287 67 4
287 68 4
287 70 4
287 72 3
287 75 4
287 76 4
287 78 4
287 80 4
287 81 3
287 86 4
287 87 4
287 91 4
287 94 4
287 95 4
287 96 4
287 98 4
287 99 4
287 110 4
287 116 4
287 120 4
287 124 1
287 127 2
287 132 4
287 135 4
287 139 4
287 142 4
287 143 4
287 149 4
287 159 4
287 160 4
287 171 4
287 173 4
287 175 4
287 178 4
287 180 4
287 182 5
287 187 3
287 190 4
287 193 4
287 194 4
287 195 4
287 201 4
287 205 4
287 214 4
287 215 4
287 217 4
287 221 3
287 225 4
287 226 4
287 229 3
287 231 3
287 236 4
287 238 4
287 248 0
287 251 0
287 254 0
287 256 4
287 257 4
287 258 2
287 259 2
287 264 4
287 269 4
287 271 4
287 272 3
287 275 5
287 279 0
287 281 3
287 285 4
287 287 4
287 288 2
287 292 0
287 293 2
287 297 4
287 299 3
287 317 4
287 332 3
287 346 5
287 355 4
287 365 4
287 366 3
287 377 4
287 401 4
287 410 2
287 411 3
287 422 5
287 431 4
287 454 3
287 461 4
287 469 4
287 470 4
287 473 5
287 500 4
287 539 3
287 540 2
287 545 3
287 548 4
287 549 3
287 565 3
287 571 3
287 577 3
287 587 4
287 590 4
287 595 3
287 596 3
287 619 4
287 626 4
287 627 3
287 650 5
287 651 4
287 657 3
287 671 1
287 678 4
287 683 4
287 684 4
287 685 4
287 691 4
287 709 2
287 712 0
287 726 5
287 731 4
287 734 4
287 738 3
287 741 4
287 746 4
287 747 4
287 767 3
287 771 1
287 778 3
287 780 2
287 789 2
287 793 4
287 819 2
287 822 5
287 832 2
287 844 3
287 920 5
287 931 2
287 938 0
287 940 0
287 954 4
287 955 0
287 977 0
288 0 4
288 7 4
288 8 4
288 10 4
288 21 4
288 27 4
288 32 4
288 57 4
288 63 5
288 68 4
288 69 3
288 82 4
288 86 4
288 95 4
288 97 4
288 110 4
288 132 4
288 134 4
288 153 5
288 163 3
288 167 4
288 171 4
288 172 4
288 175 4
288 179 4
288 180 4
288 181 3
288 182 4
288 184 4
288 185 4
288 189 5
288 195 4
288 197 4
288 198 4
288 199 4
288 202 4
288 206 4
288 207 4
288 209 4
288 210 4
288 221 4
288 227 4
288 229 3
288 237 5
288 242 1
288 244 3
288 257 4
288 259 1
288 264 4
288 268 3
288 288 2
288 291 0
288 298 0
288 303 4
288 317 5
288 327 3
288 332 3
288 356 5
288 357 2
288 384 4
288 404 3
288 413 5
288 418 3
288 428 4
288 433 4
288 467 3
288 473 5
288 479 4
288 484 4
288 490 4
288 492 0
288 495 4
288 497 4
288 499 4
288 509 4
288 510 5
288 513 3
288 514 3
288 519 5
288 520 5
288 522 4
288 525 5
288 526 5
288 567 4
288 604 4
288 611 4
288 654 4
288 658 4
288 661 3
288 691 3
288 706 3
288 723 4
288 731 3
288 747 3
288 775 0
288 844 4
288 879 0
288 889 0
289 242 2
289 257 4
289 258 1
289 259 1
289 260 1
289 262 3
289 263 3
289 265 1
289 267 2
289 269 4
289 270 1
289 271 4
289 285 2
289 287 4
289 288 3
289 291 3
289 293 2
289 300 2
289 301 4
289 302 2
289 307 2
289 309 0
289 312 4
289 314 5
289 315 5
289 320 2
289 323 1
289 324 2
289 325 1
289 326 3
289 329 1
289 330 2
289 331 2
289 332 3
289 333 1
289 338 3
289 339 2
289 341 4
289 342 1
289 348 1
289 352 4
289 354 3
289 357 2
289 456 1
289 537 1
289 538 1
289 677 3
289 680 1
289 681 2
289 686 1
289 688 2
289 749 5
289 750 5
289 751 1
289 871 2
289 872 1
289 873 3
289 874 2
289 880 2
289 882 2
289 886 3
289 889 1
289 891 3
289 901 3
289 907 1
289 947 1
289 987 0
289 988 1
289 990 1
290 0 4
290 6 4
290 8 4
290 14 4
290 49 5
290 92 2
290 116 4
290 123 4
290 125 4
290 126 4
290 149 3
290 150 3
290 180 4
290 223 1
290 236 4
290 245 4
290 256 3
290 257 4
290 272 4
290 276 1
290 283 2
290 285 3
290 291 1
290 292 4
290 297 4
290 301 3
290 332 4
290 409 3
290 474 4
290 514 4
290 595 3
290 763 2
290 846 3
290 918 1
290 925 2
290 992 4
291 6 3
291 18 3
291 44 3
291 99 5
291 123 5
291 128 4
291 235 3
291 236 4
291 257 4
291 272 3
291 285 4
291 339 4
291 474 3
291 656 4
291 899 4
292 44 4
292 55 4
292 63 5
292 68 4
292 82 4
292 96 4
292 99 4
292 123 5
292 126 5
292 133 4
292 136 5
292 184 4
292 185 4
292 186 4
292 191 4
292 192 4
292 204 3
292 220 4
292 241 4
292 284 5
292 285 4
292 317 4
292 478 4
292 481 4
292 482 5
292 491 4
292 510 5
292 522 4
292 526 4
292 530 4
292 653 4
292 656 4
292 771 1
292 922 5
293 0 4
293 6 4
293 10 3
293 11 5
293 21 4
293 23 2
293 47 4
293 49 4
293 55 4
293 58 4
293 59 5
293 60 4
293 64 4
293 68 4
293 70 4
293 78 4
293 81 3
293 90 3
293 94 4
293 95 4
293 97 4
293 99 4
293 114 0
293 116 3
293 117 4
293 120 4
293 123 4
293 126 4
293 149 4
293 155 5
293 167 4
293 170 5
293 171 4
293 172 4
293 173 4
293 174 3
293 175 4
293 179 4
293 180 4
293 181 4
293 182 4
293 187 3
293 190 4
293 191 5
293 194 4
293 195 4
293 200 1
293 208 4
293 209 4
293 221 4
293 233 4
293 234 2
293 237 4
293 238 4
293 249 4
293 251 4
293 256 3
293 257 4
293 259 2
293 263 4
293 264 5
293 270 2
293 272 4
293 274 4
293 283 4
293 287 5
293 297 3
293 299 3
293 317 4
293 322 3
293 326 4
293 327 4
293 342 3
293 356 4
293 368 0
293 404 3
293 410 3
293 422 4
293 430 3
293 454 3
293 461 4
293 474 3
293 482 5
293 526 4
293 527 5
293 545 3
293 549 3
293 596 3
293 646 4
293 651 5
293 683 4
293 686 2
293 692 4
293 741 4
293 745 3
293 750 3
293 753 4
293 761 4
293 762 2
293 875 2
293 885 5
293 889 2
293 924 4
294 0 4
294 8 4
294 14 3
294 63 5
294 64 4
294 85 4
294 97 4
294 99 4
294 125 4
294 173 5
294 182 4
294 190 4
294 193 4
294 221 4
294 236 4
294 285 4
294 288 2
294 293 2
294 321 2
294 356 4
294 478 4
294 506 4
294 527 4
294 747 3
294 923 2
295 1 3
295 3 4
295 10 2
295 28 2
295 43 4
295 49 5
295 52 2
295 53 3
295 55 4
295 61 3
295 63 5
295 67 3
295 68 4
295 70 4
295 78 4
295 83 5
295 85 2
295 87 4
295 88 4
295 89 4
295 90 3
295 93 4
295 94 4
295 97 4
295 100 2
295 108 3
295 119 2
295 126 4
295 131 3
295 132 2
295 138 2
295 139 5
295 143 4
295 144 2
295 146 3
295 152 4
295 154 3
295 156 4
295 157 4
295 160 4
295 161 4
295 162 4
295 166 4
295 167 4
295 171 4
295 172 4
295 173 4
295 175 5
295 178 4
295 180 4
295 183 3
295 185 4
295 187 3
295 190 4
295 194 4
295 199 4
295 200 2
295 201 4
295 213 4
295 215 4
295 216 1
295 218 2
295 221 3
295 225 3
295 226 3
295 227 4
295 228 3
295 229 3
295 230 3
295 231 2
295 233 4
295 234 2
295 264 4
295 281 4
295 287 4
295 356 4
295 378 1
295 379 1
295 384 3
295 385 3
295 388 5
295 390 3
295 391 5
295 394 3
295 401 4
295 402 2
295 403 4
295 412 1
295 415 4
295 416 3
295 420 3
295 422 4
295 430 3
295 432 4
295 434 4
295 443 2
295 446 2
295 448 3
295 451 3
295 464 4
295 469 3
295 471 5
295 477 4
295 478 4
295 495 5
295 500 4
295 503 2
295 504 4
295 506 3
295 522 4
295 549 3
295 558 2
295 565 4
295 574 2
295 580 4
295 615 3
295 621 0
295 628 3
295 641 2
295 649 3
295 657 3
295 659 4
295 664 3
295 670 4
295 673 3
295 678 4
295 683 4
295 704 4
295 731 4
295 741 4
295 767 4
295 769 4
295 789 3
295 795 3
295 796 5
295 830 2
295 842 5
295 923 0
295 943 2
296 6 4
296 9 4
296 16 3
296 32 4
296 37 3
296 38 4
296 41 4
296 49 5
296 52 3
296 55 4
296 63 5
296 76 4
296 86 4
296 95 4
296 96 4
296 97 4
296 98 4
296 108 4
296 131 4
296 132 4
296 134 4
296 135 4
296 140 4
296 141 2
296 142 3
296 146 3
296 149 4
296 153 4
296 155 4
296 157 2
296 163 4
296 171 4
296 172 4
296 180 4
296 182 4
296 185 4
296 203 4
296 221 4
296 226 3
296 227 4
296 228 3
296 245 5
296 267 4
296 287 3
296 317 5
296 355 3
296 377 4
296 379 4
296 392 3
296 416 3
296 417 3
296 419 4
296 420 4
296 432 4
296 468 3
296 479 4
296 483 5
296 484 4
296 508 4
296 525 4
296 527 4
296 531 0
296 553 2
296 560 2
296 606 5
296 624 3
296 632 4
296 726 3
296 742 2
296 745 4
296 773 2
296 824 4
296 920 2
297 0 3
297 1 3
297 2 4
297 10 3
297 11 4
297 12 5
297 18 4
297 23 1
297 24 3
297 27 3
297 30 4
297 37 0
297 38 4
297 53 4
297 55 5
297 65 3
297 66 1
297 69 3
297 70 3
297 71 4
297 76 4
297 78 4
297 79 0
297 86 4
297 88 5
297 93 3
297 94 4
297 95 4
297 96 5
297 97 5
297 98 4
297 99 5
297 100 5
297 104 0
297 107 0
297 108 4
297 113 0
297 117 4
297 121 0
297 126 4
297 138 0
297 144 3
297 151 5
297 152 4
297 154 3
297 160 3
297 162 3
297 163 3
297 166 4
297 167 4
297 172 4
297 173 5
297 174 4
297 180 5
297 182 4
297 184 4
297 185 4
297 186 4
297 187 4
297 188 5
297 193 4
297 194 4
297 196 5
297 201 4
297 203 4
297 207 4
297 216 2
297 221 4
297 224 0
297 226 4
297 227 4
297 228 3
297 229 4
297 232 4
297 233 4
297 239 2
297 241 4
297 247 0
297 249 4
297 251 0
297 256 3
297 257 4
297 259 0
297 267 4
297 272 3
297 273 2
297 287 5
297 290 0
297 324 0
297 357 0
297 362 3
297 363 0
297 372 0
297 380 4
297 381 3
297 383 2
297 384 4
297 385 4
297 392 2
297 394 0
297 398 0
297 402 3
297 404 3
297 406 0
297 407 5
297 411 0
297 417 3
297 422 5
297 430 3
297 431 4
297 450 3
297 451 3
297 454 3
297 464 2
297 471 3
297 474 3
297 500 4
297 507 4
297 509 4
297 525 4
297 539 3
297 544 0
297 548 4
297 549 4
297 551 0
297 558 3
297 561 4
297 565 4
297 567 4
297 569 4
297 574 0
297 576 0
297 577 3
297 587 3
297 589 0
297 596 3
297 602 4
297 624 2
297 626 0
297 644 0
297 650 5
297 651 4
297 654 4
297 656 4
297 678 4
297 691 4
297 715 2
297 720 3
297 721 0
297 723 5
297 730 0
297 740 4
297 747 4
297 757 1
297 764 0
297 770 3
297 779 1
297 780 4
297 782 3
297 789 2
297 791 4
297 796 5
297 801 2
297 807 2
297 808 4
297 809 0
297 839 3
297 848 1
297 863 4
297 939 0
297 942 0
297 999 0
298 9 4
298 10 4
298 11 5
298 22 3
298 31 4
298 49 4
298 52 5
298 53 3
298 55 4
298 58 5
298 60 0
298 78 4
298 82 5
298 88 5
298 97 4
298 120 4
298 123 5
298 126 5
298 135 5
298 136 4
298 143 0
298 149 3
298 150 3
298 155 5
298 159 0
298 163 3
298 167 5
298 170 2
298 171 4
298 174 4
298 175 4
298 181 4
298 182 4
298 185 4
298 186 4
298 190 4
298 191 4
298 196 5
298 201 3
298 202 4
298 203 5
298 209 4
298 217 4
298 221 0
298 227 4
298 228 3
298 257 4
298 261 3
298 270 4
298 274 5
298 287 4
298 292 0
298 301 4
298 339 4
298 380 4
298 424 4
298 434 5
298 442 4
298 446 4
298 447 3
298 448 3
298 463 5
298 473 5
298 474 3
298 482 5
298 483 4
298 485 5
298 488 4
298 511 4
298 514 4
298 521 3
298 524 0
298 547 5
298 553 3
298 557 4
298 593 3
298 606 4
298 627 3
298 630 4
298 648 5
298 651 4
298 655 3
298 663 3
298 674 5
298 692 3
298 753 0
298 771 0
298 805 4
298 886 3
298 918 0
298 921 0
298 932 0
298 984 0
299 6 4
299 7 5
299 10 2
299 11 5
299 49 4
299 68 4
299 86 5
299 96 4
299 116 3
299 131 3
299 152 4
299 156 3
299 175 4
299 176 4
299 180 4
299 181 4
299 182 4
299 190 4
299 192 4
299 193 5
299 197 4
299 201 5
299 206 5
299 209 4
299 212 0
299 214 5
299 237 4
299 250 0
299 270 2
299 271 4
299 274 4
299 294 0
299 299 1
299 300 1
299 311 1
299 312 4
299 317 3
299 325 0
299 356 4
299 413 4
299 424 0
299 426 5
299 462 5
299 473 4
299 481 5
299 482 4
299 483 5
299 485 0
299 496 0
299 510 5
299 513 4
299 515 5
299 519 4
299 520 0
299 529 4
299 538 2
299 604 0
299 650 5
299 656 4
299 660 5
299 662 5
299 689 3
299 691 4
299 741 4
299 749 5
299 878 2
299 885 5
299 886 5
299 901 3
300 0 4
300 2 4
300 7 4
300 8 4
300 14 4
300 24 3
300 27 4
300 29 4
300 38 4
300 41 4
300 42 3
300 43 4
300 44 4
300 49 5
300 55 5
300 57 4
300 58 5
300 60 4
300 61 3
300 68 4
300 69 3
300 71 4
300 76 4
300 82 4
300 87 4
300 88 4
300 93 3
300 96 4
300 97 4
300 99 4
300 115 3
300 117 3
300 119 2
300 124 4
300 128 4
300 132 4
300 134 4
300 142 3
300 146 3
300 158 4
300 163 4
300 171 4
300 174 4
300 178 4
300 180 4
300 195 4
300 203 4
300 207 4
300 209 4
300 210 4
300 215 4
300 216 3
300 222 5
300 233 4
300 234 3
300 237 4
300 243 0
300 244 3
300 245 4
300 249 4
300 251 3
300 254 2
300 256 3
300 267 4
300 273 3
300 274 4
300 275 3
300 280 3
300 281 4
300 282 3
300 283 3
300 284 5
300 286 4
300 293 3
300 297 3
300 299 3
300 300 4
300 303 3
300 315 5
300 318 4
300 324 0
300 380 5
300 385 3
300 386 4
300 392 3
300 395 4
300 404 2
300 406 2
300 411 3
300 420 4
300 447 4
300 463 5
300 468 3
300 470 4
300 471 2
300 474 4
300 475 2
300 478 4
300 497 4
300 508 4
300 513 4
300 516 3
300 521 5
300 528 4
300 530 4
300 534 2
300 552 3
300 558 3
300 567 4
300 568 4
300 583 4
300 610 4
300 618 4
300 638 4
300 639 4
300 659 4
300 661 4
300 664 4
300 698 4
300 708 4
300 713 4
300 720 3
300 728 4
300 734 4
300 738 3
300 741 3
300 761 3
300 767 0
300 774 2
300 779 2
300 780 3
300 814 0
300 820 3
300 826 0
300 835 5
300 844 4
300 929 2
300 963 5
300 970 4
300 987 1
300 995 0
