301 191 3
301 204 2
301 269 3
301 283 2
301 423 3
301 484 3
301 515 3
301 604 4
302 243 3
302 269 2
302 286 3
302 313 2
302 315 3
302 326 3
302 328 3
302 333 4
302 678 4
303 258 3
303 268 2
303 269 4
303 294 2
303 300 4
303 303 3
303 305 3
303 325 4
303 333 4
303 340 4
303 682 3
303 995 4
304 64 3
304 143 2
304 194 5
304 245 2
304 286 5
304 418 3
304 480 3
304 492 4
304 604 4
304 606 5
304 705 3
305 137 3
305 272 2
305 327 3
305 650 2
305 651 3
305 750 3
305 886 3
306 121 3
306 126 2
306 127 4
306 151 2
306 252 4
306 289 3
306 405 3
306 924 4
307 111 3
307 118 2
307 181 4
307 220 2
307 252 4
307 258 3
307 298 3
307 301 4
307 471 4
307 476 4
307 546 3
307 845 4
307 926 2
308 245 3
308 288 2
308 300 4
308 873 2
308 879 4
309 268 3
309 270 2
309 292 3
309 300 2
309 302 3
309 310 3
309 313 3
309 332 4
309 346 4
309 682 3
309 690 3
309 880 4
310 21 3
310 94 2
310 181 3
310 240 2
310 300 3
310 596 3
310 597 3
311 64 3
311 111 2
311 151 4
311 251 2
311 257 4
311 272 3
311 750 3
311 751 4
312 1 3
312 9 2
312 100 4
312 129 2
312 268 4
312 276 3
312 286 3
312 300 4
312 742 4
313 243 3
313 286 2
313 288 4
313 310 2
313 313 4
313 315 3
313 323 3
313 333 4
313 748 4
314 258 3
314 272 2
314 288 4
314 319 2
314 362 4
314 882 3
314 891 3
315 243 3
315 259 2
315 288 4
315 294 2
315 321 4
315 339 3
315 342 3
315 359 4
315 410 4
315 597 4
315 687 3
315 875 4
315 988 2
316 14 3
316 237 2
316 245 4
316 272 2
316 313 4
316 321 3
316 676 3
317 272 3
317 315 2
317 316 4
317 319 2
317 345 4
318 98 3
318 173 2
318 245 4
318 269 2
318 286 4
318 288 3
318 294 3
318 301 4
318 313 4
318 315 4
318 347 3
318 752 4
319 271 3
319 288 2
319 289 3
319 301 2
319 304 3
319 308 3
319 310 3
319 331 4
319 338 4
319 877 3
319 938 3
319 989 4
320 269 3
320 271 2
320 288 4
320 294 2
320 300 4
320 305 3
320 325 3
320 327 4
320 333 4
320 343 4
320 890 3
321 100 3
321 150 2
321 151 4
321 168 2
321 191 4
321 194 3
321 198 3
321 205 4
321 222 4
321 276 4
321 288 3
321 313 4
321 682 2
321 902 4
322 1 3
322 24 2
322 147 3
322 254 2
322 405 3
322 410 3
322 471 3
322 473 4
322 742 4
323 100 3
323 264 2
323 328 4
323 456 2
323 687 4
323 876 3
323 881 3
323 948 4
324 245 3
324 270 2
324 289 2
324 294 2
324 309 2
324 322 3
324 328 3
324 879 4
325 237 3
325 271 2
325 278 3
325 288 2
325 298 3
325 300 3
325 313 3
325 328 4
325 343 4
325 682 3
325 742 3
325 763 4
326 13 3
326 25 2
326 100 4
326 111 2
326 116 4
326 150 3
326 235 3
326 283 4
326 306 4
326 476 4
326 756 3
327 258 3
327 300 2
327 303 4
327 319 2
327 333 4
327 334 3
328 14 3
328 50 2
328 222 4
328 258 2
328 748 4
328 832 3
328 845 3
329 245 3
329 264 2
329 268 4
329 322 2
329 323 4
329 328 3
329 354 3
329 678 4
329 748 4
329 879 4
330 259 3
330 267 2
330 268 4
330 301 2
330 306 4
330 333 3
330 338 3
330 346 4
330 682 4
330 751 4
330 879 3
331 1 3
331 5 2
331 7 4
331 8 2
331 9 4
331 11 3
331 12 3
331 22 4
331 31 4
331 38 4
331 53 3
331 54 4
331 56 2
331 70 4
331 73 4
331 77 4
331 79 4
331 82 4
331 95 3
331 96 2
331 97 4
331 98 3
331 105 3
331 106 2
331 117 3
331 118 2
331 120 4
331 121 3
331 122 4
331 123 4
331 125 2
331 127 3
331 144 2
331 156 4
331 159 4
331 172 4
331 174 4
331 181 4
331 182 2
331 204 4
331 210 4
331 218 2
331 222 4
331 227 4
331 228 3
331 229 3
331 230 3
331 232 2
331 233 4
331 234 4
331 235 4
331 237 4
331 240 4
331 249 2
331 255 3
331 257 4
331 258 2
331 264 3
331 265 3
331 271 2
331 273 3
331 282 2
331 288 1
331 291 4
331 293 3
331 294 2
331 295 2
331 298 2
331 300 3
331 307 3
331 313 2
331 322 4
331 323 2
331 326 4
331 327 4
331 328 4
331 332 3
331 333 4
331 342 3
331 356 4
331 369 2
331 370 2
331 405 4
331 406 4
331 409 4
331 410 4
331 449 4
331 450 3
331 451 4
331 452 4
331 456 2
331 470 2
331 546 3
331 566 2
331 595 2
331 597 3
331 628 3
331 651 4
331 655 2
331 660 4
331 673 4
331 679 4
331 684 4
331 693 4
331 696 4
331 728 4
331 746 2
331 756 2
331 763 4
331 770 4
331 815 4
331 824 4
331 827 4
331 831 2
331 833 4
331 840 3
331 841 3
331 845 3
331 866 4
331 871 4
331 879 3
331 895 1
331 928 2
331 931 4
331 934 2
331 975 3
331 978 4
331 982 4
331 983 2
332 88 3
332 153 2
332 168 4
332 180 2
332 186 4
332 269 3
332 294 3
332 315 4
332 316 4
332 435 4
332 513 3
332 748 4
332 873 2
333 4 3
333 7 2
333 8 4
333 9 2
333 12 4
333 13 3
333 19 3
333 20 4
333 22 4
333 23 4
333 28 3
333 42 4
333 50 2
333 52 4
333 56 4
333 58 4
333 59 4
333 61 4
333 68 3
333 69 2
333 70 4
333 72 3
333 73 3
333 74 2
333 77 3
333 79 2
333 81 4
333 86 3
333 89 4
333 91 4
333 93 2
333 95 3
333 98 2
333 100 4
333 111 4
333 115 4
333 116 4
333 117 4
333 124 2
333 125 4
333 127 4
333 131 2
333 132 4
333 134 4
333 135 3
333 143 3
333 150 3
333 153 2
333 154 4
333 155 4
333 160 4
333 163 4
333 164 4
333 168 2
333 169 3
333 170 4
333 171 2
333 172 3
333 173 3
333 174 2
333 175 3
333 176 2
333 181 1
333 182 4
333 183 3
333 185 2
333 186 2
333 191 2
333 196 3
333 197 3
333 200 2
333 203 4
333 204 2
333 207 4
333 210 4
333 213 4
333 216 3
333 217 4
333 220 3
333 221 4
333 222 2
333 223 2
333 224 4
333 225 4
333 227 4
333 228 4
333 229 4
333 230 3
333 231 4
333 235 4
333 237 2
333 238 2
333 239 3
333 244 2
333 245 2
333 248 3
333 250 3
333 255 4
333 257 2
333 258 4
333 265 4
333 268 4
333 269 4
333 271 4
333 272 4
333 275 4
333 276 2
333 277 2
333 282 4
333 283 4
333 285 4
333 286 4
333 287 4
333 288 2
333 289 4
333 293 3
333 297 3
333 300 3
333 301 4
333 303 4
333 305 3
333 306 1
333 310 2
333 311 4
333 312 2
333 313 3
333 315 4
333 316 4
333 317 2
333 318 4
333 319 4
333 322 3
333 324 3
333 326 3
333 328 4
333 333 3
333 337 3
333 338 4
333 340 4
333 345 4
333 346 4
333 347 4
333 371 3
333 396 3
333 405 2
333 408 4
333 421 1
333 423 3
333 425 4
333 428 3
333 429 2
333 430 2
333 433 3
333 436 3
333 443 4
333 449 3
333 450 1
333 461 4
333 462 2
333 474 4
333 475 2
333 476 2
333 481 2
333 483 2
333 484 4
333 485 2
333 488 4
333 494 3
333 498 3
333 500 4
333 502 2
333 505 4
333 506 3
333 508 3
333 510 4
333 512 3
333 514 3
333 515 3
333 521 4
333 525 4
333 529 4
333 537 4
333 553 4
333 558 2
333 566 3
333 577 3
333 582 4
333 591 4
333 603 3
333 606 2
333 607 4
333 620 4
333 628 3
333 629 3
333 631 3
333 634 4
333 635 4
333 640 2
333 642 2
333 652 2
333 655 3
333 657 3
333 658 3
333 663 3
333 675 3
333 678 2
333 684 4
333 689 2
333 693 3
333 707 3
333 708 4
333 709 3
333 710 3
333 712 2
333 716 3
333 736 4
333 740 2
333 742 2
333 744 4
333 746 2
333 753 2
333 762 4
333 792 3
333 815 4
333 840 1
333 845 2
333 846 3
333 855 4
333 856 2
333 865 3
333 870 1
333 877 4
333 879 2
333 886 3
333 887 2
333 888 4
333 896 4
333 899 4
333 902 2
333 905 4
333 906 3
333 922 4
333 931 3
333 936 2
333 937 3
333 945 4
333 950 4
333 955 2
333 961 4
333 969 2
334 245 3
334 258 2
334 269 4
334 288 2
334 307 4
334 313 3
334 324 3
334 342 4
334 347 4
334 748 4
334 902 3
335 3 3
335 4 2
335 13 3
335 15 2
335 26 3
335 33 3
335 41 3
335 42 4
335 49 4
335 56 3
335 66 3
335 67 4
335 88 2
335 94 4
335 100 4
335 105 3
335 111 3
335 117 3
335 121 3
335 122 2
335 124 3
335 125 3
335 151 3
335 153 2
335 154 3
335 158 2
335 168 3
335 186 3
335 202 3
335 208 3
335 216 2
335 232 3
335 237 2
335 239 3
335 275 3
335 276 3
335 282 3
335 284 3
335 290 2
335 367 3
335 383 3
335 388 2
335 395 3
335 401 3
335 405 3
335 410 3
335 451 3
335 475 2
335 546 3
335 571 4
335 577 3
335 619 3
335 628 3
335 655 2
335 692 3
335 710 4
335 722 2
335 732 3
335 738 3
335 742 2
335 762 3
335 763 2
335 765 1
335 780 4
335 781 3
335 785 2
335 790 2
335 796 2
335 824 3
335 859 3
335 864 2
335 959 3
335 998 2
335 999 3
336 15 3
336 50 2
336 106 4
336 121 2
336 127 4
336 181 3
336 228 3
336 230 4
336 235 4
336 257 4
336 371 3
336 380 4
336 392 2
336 515 4
336 520 4
336 631 4
336 742 4
336 831 4
337 1 3
337 56 2
337 79 4
337 83 2
337 132 4
337 133 3
337 134 3
337 135 4
337 168 4
337 170 4
337 174 3
337 175 4
337 180 2
337 189 4
337 194 4
337 204 4
337 208 4
337 211 4
337 212 3
337 213 2
337 215 4
337 216 3
337 269 3
337 294 2
337 301 3
337 306 2
337 310 4
337 435 3
337 443 4
337 462 4
337 474 2
337 480 3
337 483 2
337 484 4
337 486 4
337 488 4
337 490 4
337 494 4
337 498 2
337 511 4
337 513 4
337 514 2
337 516 4
337 523 4
337 525 3
337 582 3
337 604 3
337 607 2
337 613 4
337 650 4
337 654 4
337 708 4
337 792 4
337 945 2
338 1 3
338 4 2
338 5 4
338 7 2
338 11 4
338 12 3
338 22 3
338 23 4
338 25 4
338 28 4
338 29 3
338 30 4
338 32 2
338 42 4
338 47 4
338 50 4
338 55 4
338 56 4
338 58 3
338 64 2
338 65 4
338 67 3
338 69 3
338 73 2
338 74 3
338 76 2
338 79 4
338 80 3
338 81 4
338 82 4
338 86 2
338 88 3
338 89 2
338 91 4
338 97 4
338 98 4
338 100 4
338 101 4
338 117 2
338 121 4
338 124 4
338 126 2
338 127 4
338 130 4
338 131 3
338 132 3
338 133 3
338 134 2
338 135 4
338 136 4
338 139 4
338 144 4
338 145 4
338 150 2
338 151 3
338 153 4
338 154 2
338 156 3
338 157 3
338 159 2
338 160 3
338 161 2
338 163 1
338 167 4
338 168 3
338 170 2
338 174 2
338 175 2
338 179 3
338 180 3
338 181 2
338 183 4
338 186 2
338 188 4
338 190 4
338 191 4
338 192 3
338 194 4
338 195 3
338 196 4
338 197 2
338 198 2
338 199 4
338 203 4
338 204 4
338 205 4
338 208 4
338 209 3
338 214 4
338 222 4
338 226 2
338 227 2
338 228 3
338 231 2
338 233 2
338 235 3
338 238 3
338 240 4
338 248 2
338 257 4
338 258 4
338 265 4
338 269 4
338 270 4
338 276 4
338 286 4
338 288 2
338 298 2
338 302 4
338 317 4
338 327 4
338 347 4
338 357 4
338 380 2
338 383 4
338 402 3
338 403 3
338 404 3
338 410 4
338 411 4
338 415 3
338 427 1
338 428 2
338 431 4
338 433 2
338 435 3
338 436 4
338 447 4
338 449 2
338 451 4
338 461 4
338 469 3
338 474 3
338 475 3
338 478 4
338 479 3
338 483 3
338 484 4
338 485 4
338 496 4
338 498 4
338 503 4
338 508 3
338 509 3
338 514 2
338 515 4
338 516 1
338 521 3
338 522 4
338 523 3
338 525 2
338 527 2
338 528 3
338 530 3
338 546 4
338 549 3
338 550 1
338 566 4
338 568 2
338 573 4
338 582 2
338 603 2
338 607 2
338 614 2
338 631 4
338 632 2
338 636 4
338 637 3
338 640 3
338 642 4
338 649 2
338 650 4
338 655 3
338 657 3
338 661 4
338 663 3
338 673 3
338 675 3
338 678 4
338 693 4
338 702 4
338 709 4
338 719 4
338 735 2
338 737 3
338 739 3
338 770 4
338 772 4
338 806 3
338 823 2
338 845 4
338 856 4
338 939 3
338 942 3
338 961 3
339 1 3
339 15 2
339 50 4
339 66 2
339 71 4
339 143 3
339 172 3
339 174 4
339 179 4
339 181 4
339 205 3
339 215 4
339 265 2
339 274 4
339 402 4
339 405 4
339 423 4
339 435 4
339 486 3
339 502 2
339 504 4
339 520 3
339 526 3
339 584 2
339 662 3
339 946 2
340 3 3
340 4 2
340 7 3
340 8 2
340 11 3
340 13 3
340 15 3
340 23 4
340 25 4
340 26 3
340 28 3
340 47 4
340 56 2
340 58 4
340 68 4
340 92 3
340 93 3
340 95 3
340 98 3
340 100 2
340 108 3
340 111 3
340 122 3
340 123 2
340 124 3
340 129 2
340 131 3
340 132 3
340 133 3
340 134 3
340 135 2
340 143 3
340 144 2
340 156 3
340 160 3
340 174 3
340 175 3
340 179 3
340 188 2
340 189 3
340 191 3
340 192 2
340 193 3
340 194 3
340 196 3
340 197 3
340 204 3
340 208 2
340 209 3
340 212 4
340 216 3
340 223 3
340 237 3
340 238 2
340 240 3
340 248 4
340 251 2
340 255 3
340 257 3
340 262 2
340 274 3
340 276 2
340 282 1
340 286 4
340 287 3
340 288 2
340 289 2
340 294 2
340 297 3
340 298 3
340 301 2
340 319 3
340 320 2
340 326 3
340 327 3
340 367 3
340 378 3
340 381 3
340 382 3
340 408 3
340 412 2
340 421 2
340 423 4
340 427 3
340 433 3
340 461 4
340 483 4
340 487 3
340 496 4
340 499 3
340 508 2
340 517 2
340 518 3
340 523 2
340 531 2
340 535 3
340 544 3
340 547 4
340 558 2
340 574 4
340 581 3
340 584 3
340 591 3
340 606 3
340 607 3
340 654 3
340 655 2
340 656 2
340 657 3
340 663 3
340 692 4
340 699 3
340 723 3
340 724 2
340 727 3
340 732 3
340 746 3
340 756 3
340 762 3
340 764 3
340 772 3
340 789 1
340 792 2
340 813 4
340 818 2
340 844 3
340 846 4
340 866 3
340 873 2
340 875 3
340 928 3
340 950 3
340 965 3
340 975 3
341 1 3
341 4 2
341 7 4
341 8 2
341 9 4
341 10 3
341 11 3
341 12 4
341 20 4
341 23 4
341 25 3
341 26 4
341 28 2
341 38 4
341 42 4
341 44 4
341 47 4
341 48 4
341 50 3
341 52 2
341 53 4
341 55 3
341 56 3
341 57 2
341 58 3
341 62 2
341 63 4
341 65 3
341 66 4
341 67 4
341 68 2
341 69 3
341 76 2
341 77 4
341 79 4
341 81 4
341 82 4
341 83 4
341 86 2
341 87 4
341 90 4
341 97 2
341 98 4
341 100 4
341 117 3
341 118 3
341 121 3
341 124 2
341 127 4
341 132 4
341 134 4
341 135 4
341 137 4
341 143 2
341 144 3
341 147 4
341 152 2
341 153 3
341 155 3
341 156 2
341 159 3
341 163 2
341 164 1
341 168 4
341 169 3
341 174 2
341 176 2
341 177 2
341 179 3
341 180 3
341 186 2
341 187 4
341 188 2
341 189 4
341 193 4
341 194 4
341 196 3
341 197 4
341 199 3
341 200 4
341 208 2
341 211 2
341 214 4
341 223 4
341 228 4
341 229 4
341 231 4
341 234 3
341 235 4
341 236 4
341 237 2
341 241 2
341 250 3
341 257 2
341 265 2
341 269 3
341 275 3
341 276 4
341 277 2
341 283 4
341 288 4
341 297 4
341 302 4
341 303 4
341 306 4
341 318 4
341 324 2
341 333 2
341 334 4
341 357 4
341 358 4
341 371 4
341 375 4
341 382 2
341 385 4
341 405 3
341 408 3
341 410 3
341 423 4
341 427 4
341 429 3
341 435 1
341 449 2
341 461 4
341 462 2
341 463 3
341 471 4
341 473 4
341 474 2
341 475 4
341 476 4
341 483 3
341 498 3
341 499 3
341 508 4
341 510 3
341 515 3
341 521 4
341 523 4
341 527 4
341 528 4
341 530 4
341 536 3
341 546 3
341 555 2
341 559 4
341 561 1
341 568 3
341 569 4
341 581 3
341 582 2
341 606 2
341 614 3
341 631 3
341 642 4
341 654 3
341 655 1
341 657 4
341 660 2
341 684 4
341 702 2
341 703 2
341 708 2
341 712 2
341 724 4
341 727 2
341 729 4
341 739 3
341 744 3
341 747 4
341 778 2
341 786 4
341 792 3
341 823 3
341 919 4
341 921 3
341 930 3
341 931 3
341 943 4
341 950 4
341 951 4
341 961 4
341 980 4
342 1 3
342 4 2
342 5 4
342 8 2
342 9 4
342 11 3
342 12 3
342 13 4
342 14 4
342 22 4
342 25 3
342 26 4
342 39 2
342 45 4
342 58 4
342 70 4
342 71 4
342 73 4
342 79 3
342 86 2
342 87 4
342 88 3
342 89 3
342 95 2
342 96 3
342 97 2
342 98 4
342 111 3
342 118 4
342 119 4
342 121 2
342 122 3
342 124 2
342 125 4
342 127 4
342 129 4
342 132 4
342 137 4
342 151 2
342 169 4
342 172 4
342 174 2
342 176 4
342 181 4
342 183 3
342 190 3
342 191 3
342 195 2
342 196 4
342 198 4
342 202 4
342 203 4
342 204 4
342 208 2
342 210 3
342 216 4
342 222 2
342 228 3
342 235 3
342 237 2
342 244 3
342 245 2
342 246 1
342 248 4
342 251 3
342 255 2
342 268 2
342 269 2
342 272 3
342 273 3
342 275 2
342 276 4
342 278 2
342 280 4
342 281 4
342 283 4
342 284 3
342 285 4
342 286 3
342 288 4
342 291 2
342 295 2
342 297 4
342 298 4
342 301 4
342 303 4
342 304 4
342 311 3
342 313 4
342 315 4
342 316 2
342 322 2
342 357 3
342 367 2
342 385 2
342 405 3
342 421 3
342 433 4
342 451 2
342 459 4
342 462 4
342 471 4
342 472 4
342 476 4
342 477 4
342 478 4
342 479 2
342 486 2
342 487 4
342 494 4
342 508 4
342 509 4
342 511 4
342 516 2
342 535 4
342 537 3
342 559 3
342 562 3
342 568 4
342 597 4
342 619 3
342 647 1
342 660 2
342 663 4
342 678 2
342 684 3
342 694 4
342 696 4
342 707 2
342 708 4
342 709 4
342 713 3
342 716 3
342 742 3
342 751 4
342 764 3
342 815 3
342 844 4
342 845 4
342 864 4
342 926 4
342 928 4
342 955 3
342 972 3
343 1 3
343 4 2
343 5 4
343 9 2
343 11 4
343 15 3
343 25 3
343 26 4
343 28 4
343 33 4
343 43 3
343 44 4
343 48 2
343 49 4
343 50 4
343 51 4
343 56 4
343 64 4
343 65 3
343 66 2
343 69 4
343 71 3
343 77 3
343 79 2
343 81 3
343 87 2
343 88 4
343 93 3
343 98 4
343 100 4
343 111 2
343 117 3
343 118 2
343 124 4
343 125 4
343 126 4
343 131 4
343 132 4
343 137 2
343 143 4
343 148 4
343 151 2
343 170 4
343 172 4
343 173 3
343 174 3
343 191 3
343 196 2
343 197 4
343 202 4
343 204 4
343 216 4
343 220 4
343 221 2
343 223 3
343 226 4
343 235 2
343 237 3
343 239 3
343 241 2
343 245 3
343 246 2
343 251 1
343 255 4
343 262 3
343 268 2
343 269 2
343 272 2
343 278 3
343 280 3
343 282 2
343 283 4
343 284 2
343 285 4
343 287 4
343 288 4
343 289 3
343 291 4
343 293 3
343 294 4
343 295 2
343 297 2
343 298 4
343 300 4
343 301 4
343 302 4
343 303 4
343 305 3
343 311 4
343 312 4
343 313 2
343 315 2
343 317 3
343 323 2
343 332 2
343 333 3
343 356 3
343 365 4
343 367 2
343 378 4
343 381 4
343 382 4
343 387 4
343 402 4
343 403 4
343 405 4
343 416 2
343 433 2
343 443 4
343 451 4
343 461 4
343 464 4
343 471 4
343 473 2
343 476 4
343 479 3
343 481 3
343 485 3
343 498 4
343 508 4
343 518 3
343 534 1
343 535 2
343 550 4
343 559 2
343 566 3
343 568 4
343 582 4
343 588 2
343 620 4
343 639 4
343 651 3
343 655 3
343 660 3
343 676 4
343 696 3
343 702 3
343 708 4
343 709 4
343 715 4
343 716 4
343 722 4
343 732 3
343 736 3
343 737 2
343 738 4
343 739 1
343 742 3
343 744 4
343 747 3
343 748 2
343 772 2
343 781 3
343 845 3
343 846 4
343 866 3
343 879 1
343 886 4
343 903 2
343 919 4
343 949 2
343 955 2
343 956 2
343 972 2
343 988 4
344 2 3
344 3 2
344 4 3
344 7 2
344 11 3
344 12 3
344 17 3
344 22 4
344 29 4
344 31 3
344 33 3
344 38 4
344 53 2
344 54 4
344 55 4
344 56 3
344 62 3
344 64 3
344 67 3
344 72 2
344 76 3
344 77 3
344 83 3
344 91 2
344 92 3
344 94 2
344 97 3
344 98 3
344 100 3
344 117 3
344 120 2
344 121 3
344 127 2
344 128 3
344 132 3
344 133 3
344 134 3
344 141 3
344 143 2
344 144 3
344 147 3
344 153 2
344 156 3
344 157 3
344 158 3
344 161 3
344 167 3
344 168 2
344 172 3
344 173 4
344 174 3
344 176 3
344 181 3
344 183 2
344 184 3
344 186 4
344 187 2
344 188 3
344 203 3
344 204 2
344 210 3
344 211 2
344 213 1
344 215 4
344 216 3
344 218 2
344 219 2
344 232 2
344 234 3
344 237 3
344 241 2
344 245 3
344 250 2
344 259 3
344 265 3
344 273 3
344 276 3
344 288 3
344 291 3
344 293 3
344 294 2
344 300 2
344 302 4
344 318 3
344 322 3
344 325 4
344 333 4
344 358 3
344 363 4
344 366 3
344 369 2
344 375 2
344 385 3
344 391 2
344 392 2
344 403 3
344 405 3
344 415 4
344 423 2
344 431 4
344 455 3
344 470 3
344 496 3
344 518 3
344 520 3
344 541 3
344 546 2
344 549 2
344 561 3
344 569 3
344 571 4
344 572 3
344 576 3
344 578 2
344 582 3
344 616 3
344 636 3
344 642 3
344 657 3
344 669 3
344 673 3
344 684 1
344 685 2
344 708 4
344 712 2
344 727 3
344 732 4
344 739 3
344 743 2
344 746 3
344 748 3
344 780 3
344 785 3
344 802 3
344 809 4
344 831 3
344 842 3
344 879 3
344 932 3
344 944 3
344 951 3
344 959 3
344 977 3
345 1 3
345 7 2
345 12 4
345 15 2
345 17 4
345 22 3
345 24 3
345 25 4
345 28 4
345 31 4
345 50 3
345 55 4
345 56 2
345 68 4
345 70 4
345 73 4
345 76 4
345 77 4
345 79 3
345 82 2
345 85 4
345 87 3
345 91 3
345 96 2
345 97 3
345 99 2
345 100 4
345 117 3
345 118 4
345 125 4
345 127 2
345 132 3
345 137 2
345 144 4
345 151 4
345 156 4
345 157 4
345 158 4
345 159 2
345 163 4
345 164 4
345 168 2
345 172 4
345 173 4
345 174 3
345 176 3
345 177 3
345 181 2
345 182 4
345 183 4
345 187 4
345 188 4
345 192 4
345 195 2
345 200 3
345 203 4
345 204 2
345 208 3
345 215 3
345 222 2
345 226 3
345 227 2
345 233 1
345 235 4
345 239 3
345 240 2
345 245 2
345 246 2
345 252 3
345 257 3
345 258 2
345 268 4
345 271 2
345 273 4
345 276 4
345 280 4
345 286 3
345 288 4
345 290 3
345 293 4
345 294 2
345 298 2
345 300 4
345 317 4
345 318 4
345 323 4
345 324 4
345 328 3
345 333 4
345 356 4
345 369 2
345 371 2
345 385 3
345 386 2
345 392 2
345 403 3
345 404 3
345 405 4
345 410 2
345 416 4
345 423 4
345 432 4
345 435 4
345 460 4
345 462 4
345 465 4
345 468 2
345 470 2
345 472 4
345 475 4
345 501 4
345 508 4
345 544 4
345 550 2
345 568 4
345 588 3
345 595 3
345 597 3
345 609 4
345 655 4
345 660 3
345 685 1
345 686 2
345 689 4
345 692 2
345 699 3
345 721 4
345 735 4
345 742 2
345 756 4
345 763 4
345 806 3
345 819 3
345 820 3
345 827 4
345 829 3
345 831 3
345 841 4
345 871 4
345 879 4
345 928 4
345 930 4
345 943 3
345 959 3
345 977 2
345 982 4
346 1 3
346 7 2
346 15 4
346 25 2
346 100 4
346 107 3
346 111 3
346 118 4
346 121 4
346 126 4
346 147 3
346 225 4
346 240 2
346 276 4
346 288 4
346 294 4
346 323 4
346 368 4
346 370 3
346 409 2
346 411 4
346 412 3
346 472 3
346 473 2
346 476 3
346 546 2
346 628 4
346 742 3
346 819 4
346 831 4
346 834 2
346 924 3
346 926 2
346 928 4
346 974 4
346 975 4
346 988 4
347 9 3
347 10 2
347 118 4
347 121 2
347 125 4
347 126 3
347 237 3
347 325 4
347 370 4
347 412 4
347 455 3
347 458 4
347 471 2
347 475 4
347 596 4
347 744 4
347 847 4
348 1 3
348 23 2
348 89 4
348 98 2
348 132 4
348 133 3
348 136 3
348 168 4
348 172 4
348 176 4
348 183 3
348 193 4
348 195 2
348 204 4
348 210 4
348 214 4
348 228 4
348 265 4
348 271 3
348 324 2
348 340 4
348 435 3
348 479 3
348 480 2
348 483 3
348 489 2
348 530 4
348 589 3
348 604 4
348 616 4
348 654 2
348 657 3
349 288 3
349 289 2
349 292 4
349 300 2
349 301 4
349 310 3
349 312 3
349 313 4
349 326 4
349 327 4
349 332 3
349 341 4
349 343 2
349 359 4
349 538 4
349 748 4
349 750 4
349 754 4
349 873 3
349 879 2
349 880 4
349 882 3
349 888 3
349 984 2
349 989 3
349 990 2
350 4 3
350 7 2
350 12 4
350 17 2
350 39 4
350 55 3
350 56 3
350 79 4
350 86 4
350 89 4
350 92 3
350 96 4
350 98 2
350 129 4
350 144 4
350 156 4
350 173 4
350 182 4
350 194 3
350 195 2
350 216 4
350 228 3
350 234 3
350 302 2
350 385 3
350 568 2
350 657 4
350 692 3
351 245 3
351 260 2
351 271 4
351 272 2
351 300 4
351 315 3
351 326 3
351 327 4
351 328 4
351 332 4
351 333 3
351 343 4
351 905 2
352 7 3
352 9 2
352 14 4
352 19 2
352 20 4
352 25 3
352 32 3
352 42 4
352 47 4
352 50 4
352 52 3
352 57 4
352 58 2
352 59 4
352 60 4
352 61 4
352 66 4
352 70 4
352 79 3
352 81 2
352 83 4
352 86 3
352 87 3
352 88 2
352 93 3
352 100 2
352 109 4
352 116 3
352 124 4
352 131 4
352 133 2
352 134 3
352 135 2
352 136 4
352 137 4
352 143 4
352 149 4
352 151 4
352 152 2
352 153 4
352 154 4
352 155 2
352 162 4
352 166 4
352 168 3
352 169 3
352 171 3
352 173 2
352 174 4
352 175 4
352 180 4
352 186 4
352 189 4
352 190 2
352 191 3
352 193 4
352 197 2
352 199 3
352 202 3
352 208 2
352 209 3
352 211 2
352 213 1
352 216 4
352 238 3
352 242 2
352 246 2
352 248 2
352 251 3
352 255 3
352 257 2
352 258 4
352 268 2
352 269 4
352 270 4
352 272 4
352 275 3
352 276 4
352 281 3
352 286 4
352 287 2
352 297 2
352 303 4
352 305 4
352 306 4
352 308 4
352 311 4
352 313 3
352 318 4
352 344 4
352 381 2
352 382 2
352 387 3
352 414 2
352 421 2
352 423 3
352 428 3
352 429 4
352 435 2
352 462 4
352 463 4
352 464 4
352 473 4
352 478 4
352 479 4
352 480 4
352 483 2
352 485 2
352 487 4
352 489 4
352 494 4
352 496 4
352 497 4
352 498 2
352 507 4
352 508 3
352 509 3
352 511 3
352 513 4
352 515 4
352 516 3
352 518 1
352 520 2
352 529 4
352 531 2
352 533 3
352 558 4
352 582 4
352 584 2
352 603 4
352 604 4
352 605 3
352 606 3
352 607 3
352 629 4
352 631 3
352 638 3
352 650 4
352 651 4
352 652 4
352 657 4
352 659 4
352 660 3
352 661 3
352 692 2
352 694 4
352 699 1
352 702 3
352 705 4
352 707 3
352 709 2
352 716 2
352 732 3
352 733 3
352 735 4
352 736 3
352 737 1
352 740 4
352 753 2
352 792 4
352 811 2
352 847 2
352 855 2
352 863 2
352 865 4
352 882 2
352 889 4
352 900 3
352 904 3
352 929 4
352 953 2
352 956 4
352 958 3
352 962 3
353 242 3
353 264 2
353 288 4
353 300 2
353 328 4
353 329 3
353 360 3
353 681 4
353 882 4
354 272 3
354 292 2
354 313 3
354 316 2
354 326 3
354 328 3
354 333 3
354 689 4
354 748 4
355 1 3
355 7 2
355 10 4
355 24 2
355 105 4
355 117 3
355 118 3
355 123 4
355 125 4
355 126 4
355 147 3
355 150 4
355 151 2
355 220 4
355 222 4
355 245 4
355 258 4
355 270 4
355 273 3
355 274 2
355 275 4
355 280 3
355 284 3
355 291 2
355 322 3
355 326 2
355 334 4
355 405 3
355 407 4
355 411 4
355 455 2
355 456 3
355 471 2
355 472 4
355 473 4
355 476 4
355 546 4
355 595 4
355 687 2
355 713 4
355 742 4
355 744 2
355 760 4
355 819 4
355 820 3
355 831 3
355 833 3
355 866 2
355 932 4
355 977 4
355 984 4
356 8 3
356 65 2
356 127 3
356 132 2
356 174 3
356 179 3
356 213 3
356 268 4
356 318 4
356 324 3
356 357 3
356 511 4
356 582 2
356 584 4
356 638 4
356 639 3
356 643 3
356 855 3
356 896 3
357 7 3
357 117 2
357 118 4
357 181 2
357 250 4
357 268 3
357 270 3
357 298 4
357 313 4
357 323 4
357 405 3
357 472 4
357 748 2
357 751 4
357 831 4
358 1 3
358 10 2
358 13 4
358 14 2
358 25 4
358 28 3
358 45 3
358 50 4
358 64 4
358 79 4
358 100 3
358 116 4
358 124 2
358 127 4
358 134 4
358 157 4
358 165 4
358 166 4
358 170 3
358 174 2
358 181 4
358 187 3
358 191 3
358 194 2
358 195 3
358 197 2
358 205 4
358 207 3
358 210 4
358 222 4
358 237 2
358 238 3
358 242 2
358 251 4
358 269 4
358 271 4
358 275 4
358 283 4
358 284 2
358 286 4
358 297 4
358 302 2
358 304 4
358 306 4
358 308 3
358 309 3
358 321 3
358 326 2
358 328 4
358 357 4
358 423 4
358 479 4
358 483 4
358 496 2
358 511 3
358 521 4
358 523 2
358 531 3
358 582 3
358 588 2
358 654 3
358 661 2
358 735 1
358 744 4
358 748 3
358 845 2
358 933 2
358 936 2
358 963 3
359 12 3
359 14 2
359 23 4
359 26 2
359 49 4
359 53 3
359 55 3
359 56 4
359 59 4
359 60 4
359 66 3
359 70 4
359 79 2
359 83 4
359 88 4
359 90 4
359 97 4
359 98 4
359 100 3
359 111 2
359 129 4
359 148 3
359 150 3
359 156 2
359 165 3
359 166 2
359 168 4
359 170 3
359 173 4
359 176 4
359 178 2
359 183 3
359 185 2
359 186 4
359 190 4
359 197 4
359 203 4
359 204 4
359 207 2
359 212 4
359 213 4
359 218 2
359 222 4
359 228 4
359 234 3
359 237 3
359 238 3
359 258 2
359 269 4
359 273 4
359 274 4
359 276 4
359 286 4
359 333 2
359 340 3
359 387 4
359 421 2
359 430 3
359 435 3
359 451 2
359 466 3
359 475 2
359 498 1
359 502 4
359 504 3
359 514 2
359 517 2
359 524 2
359 525 3
359 531 3
359 639 2
359 652 4
359 654 2
359 655 4
359 657 4
359 659 4
359 673 3
359 684 4
359 694 3
359 707 4
359 709 2
359 727 2
359 737 4
359 739 4
359 742 4
359 762 4
359 770 4
359 794 3
359 934 4
359 949 4
360 245 3
360 268 2
360 302 3
360 312 2
360 313 3
360 323 3
360 333 3
360 336 4
360 689 4
361 1 3
361 2 2
361 4 3
361 5 2
361 7 3
361 9 3
361 11 3
361 22 4
361 29 4
361 32 3
361 37 3
361 38 4
361 44 2
361 47 4
361 50 4
361 54 3
361 55 3
361 56 3
361 58 3
361 62 2
361 65 3
361 66 3
361 67 3
361 68 2
361 69 3
361 70 2
361 71 3
361 72 3
361 73 3
361 79 3
361 81 2
361 82 3
361 87 2
361 88 3
361 89 3
361 90 3
361 91 3
361 93 3
361 95 2
361 96 3
361 97 3
361 98 2
361 101 3
361 102 3
361 114 3
361 117 3
361 120 3
361 121 2
361 128 3
361 134 4
361 137 3
361 143 3
361 144 3
361 145 2
361 151 3
361 152 4
361 154 2
361 155 3
361 156 3
361 159 2
361 161 3
361 164 2
361 169 1
361 172 4
361 173 3
361 174 2
361 179 2
361 182 2
361 183 3
361 184 3
361 185 2
361 186 3
361 187 2
361 188 3
361 189 3
361 193 3
361 195 3
361 196 3
361 200 3
361 201 3
361 204 2
361 206 2
361 208 4
361 210 3
361 212 3
361 215 4
361 216 4
361 218 3
361 222 4
361 226 3
361 227 2
361 228 2
361 229 3
361 231 2
361 234 2
361 235 3
361 237 3
361 248 4
361 250 2
361 258 4
361 265 3
361 270 3
361 271 3
361 282 3
361 283 3
361 284 3
361 288 2
361 290 2
361 293 3
361 307 3
361 315 4
361 316 3
361 317 3
361 322 2
361 325 3
361 328 3
361 336 3
361 346 3
361 347 3
361 350 3
361 351 3
361 366 1
361 370 2
361 380 4
361 387 2
361 391 3
361 393 4
361 402 3
361 403 2
361 405 3
361 408 3
361 417 3
361 423 3
361 426 3
361 428 4
361 431 3
361 433 3
361 435 3
361 443 3
361 444 3
361 448 3
361 449 3
361 451 3
361 461 3
361 469 2
361 472 3
361 473 1
361 474 3
361 505 3
361 506 3
361 511 2
361 518 2
361 523 3
361 531 3
361 546 3
361 550 3
361 552 1
361 554 3
361 555 2
361 557 3
361 559 2
361 561 2
361 566 2
361 568 2
361 569 4
361 571 2
361 572 3
361 575 3
361 578 3
361 588 3
361 590 2
361 597 4
361 603 3
361 616 3
361 625 4
361 631 3
361 640 3
361 650 3
361 651 4
361 653 4
361 657 4
361 658 4
361 660 4
361 665 2
361 673 3
361 675 3
361 678 4
361 679 3
361 682 3
361 685 2
361 691 4
361 698 4
361 699 3
361 707 3
361 709 3
361 710 4
361 719 4
361 735 2
361 741 2
361 742 2
361 746 3
361 747 3
361 752 3
361 760 3
361 761 3
361 767 2
361 774 3
361 778 2
361 792 3
361 802 3
361 805 4
361 809 3
361 816 3
361 825 2
361 831 3
361 849 4
361 854 2
361 859 2
361 895 3
361 906 2
361 919 2
361 933 4
361 940 3
361 946 3
361 959 1
361 979 2
362 289 3
362 302 2
362 321 4
362 875 2
362 948 4
362 988 3
363 1 3
363 7 2
363 15 3
363 25 2
363 100 3
363 109 3
363 124 3
363 125 4
363 137 4
363 150 3
363 222 3
363 235 4
363 258 2
363 268 4
363 271 4
363 272 3
363 275 3
363 276 3
363 277 3
363 287 2
363 288 3
363 289 3
363 294 3
363 301 2
363 309 3
363 315 2
363 316 3
363 321 3
363 340 3
363 352 3
363 473 2
363 591 3
363 742 2
363 762 3
363 813 3
363 894 3
363 895 3
363 908 3
364 53 3
364 56 2
364 98 4
364 184 2
364 200 4
364 201 3
364 217 3
364 219 4
364 234 4
364 443 4
364 445 3
364 559 4
364 573 2
364 671 4
364 672 4
364 853 4
364 860 4
365 7 3
365 17 2
365 50 4
365 53 2
365 98 4
365 100 3
365 145 3
365 164 4
365 176 4
365 183 4
365 184 3
365 200 4
365 201 2
365 218 4
365 234 4
365 250 4
365 258 4
365 288 4
365 302 3
365 324 2
365 326 4
365 333 3
365 334 3
365 379 2
365 406 3
365 413 2
365 436 4
365 443 3
365 448 4
365 452 4
365 551 2
365 563 3
365 564 2
365 665 4
365 670 4
365 672 4
365 760 4
365 769 4
365 774 2
365 800 4
365 919 4
366 11 3
366 17 2
366 56 3
366 89 2
366 96 3
366 98 3
366 100 3
366 127 4
366 183 4
366 184 3
366 201 3
366 217 4
366 218 2
366 219 4
366 234 4
366 292 3
366 313 3
366 320 3
366 379 3
366 396 2
366 567 3
366 672 3
366 774 3
366 777 2
367 50 3
367 114 2
367 168 4
367 172 2
367 181 4
367 271 3
367 316 3
367 358 4
367 751 4
367 988 4
368 12 3
368 22 2
368 31 3
368 50 2
368 52 3
368 64 3
368 98 3
368 100 4
368 107 4
368 114 3
368 116 3
368 135 4
368 136 2
368 153 4
368 172 4
368 174 3
368 175 3
368 176 3
368 181 3
368 193 2
368 195 3
368 199 3
368 209 3
368 210 2
368 238 3
368 257 2
368 265 3
368 269 3
368 285 3
368 322 3
368 423 2
368 425 3
368 433 2
368 435 3
368 443 3
368 480 3
368 484 3
368 493 3
368 494 2
368 497 3
368 514 3
368 525 2
368 603 3
368 604 3
368 607 3
368 608 3
368 613 3
368 631 2
368 657 3
368 659 4
368 661 3
368 678 3
368 705 3
368 923 2
369 1 3
369 22 2
369 55 4
369 64 2
369 69 4
369 77 3
369 79 3
369 97 4
369 98 4
369 174 4
369 177 3
369 179 4
369 180 2
369 181 4
369 185 4
369 186 4
369 194 4
369 197 4
369 210 3
369 234 2
369 265 4
369 357 3
369 393 3
369 423 2
369 435 3
369 443 2
369 449 4
369 452 3
369 504 4
369 527 4
369 655 2
369 663 3
369 746 2
370 5 3
370 23 2
370 44 4
370 56 2
370 79 4
370 129 3
370 159 3
370 164 4
370 176 4
370 183 4
370 185 3
370 200 4
370 201 2
370 218 4
370 262 4
370 286 4
370 288 4
370 299 4
370 325 3
370 327 2
370 333 4
370 436 3
370 441 3
370 443 2
370 447 3
370 448 2
370 452 4
370 547 3
370 559 4
370 561 4
370 574 2
370 581 3
370 595 2
370 628 4
370 635 4
370 637 4
370 672 4
370 674 4
370 678 2
370 696 4
370 874 4
370 875 2
371 2 3
371 4 2
371 12 4
371 15 2
371 20 4
371 22 3
371 24 3
371 25 4
371 31 4
371 48 4
371 50 3
371 58 4
371 64 2
371 66 4
371 68 4
371 70 4
371 80 4
371 81 4
371 82 3
371 83 2
371 89 4
371 90 3
371 94 3
371 95 2
371 96 3
371 97 2
371 99 4
371 100 3
371 102 4
371 105 4
371 110 2
371 114 3
371 117 2
371 127 4
371 132 4
371 136 4
371 139 4
371 142 4
371 143 2
371 144 4
371 150 4
371 151 2
371 154 4
371 155 4
371 156 3
371 161 3
371 162 3
371 163 2
371 165 4
371 166 4
371 169 4
371 172 4
371 173 4
371 175 2
371 177 3
371 179 4
371 180 2
371 181 3
371 184 3
371 189 2
371 194 3
371 195 2
371 196 1
371 197 4
371 202 3
371 204 2
371 206 2
371 208 2
371 209 3
371 210 3
371 211 2
371 213 4
371 214 2
371 215 4
371 217 4
371 225 4
371 226 3
371 228 4
371 230 3
371 232 4
371 239 2
371 241 2
371 259 4
371 269 4
371 275 4
371 278 4
371 281 4
371 286 3
371 290 4
371 318 4
371 357 2
371 366 2
371 378 3
371 380 2
371 382 2
371 385 3
371 386 3
371 389 4
371 390 2
371 392 4
371 393 4
371 399 4
371 401 4
371 402 4
371 403 4
371 404 4
371 409 2
371 414 2
371 417 4
371 418 4
371 420 4
371 421 4
371 423 4
371 427 2
371 431 4
371 433 3
371 435 3
371 451 3
371 472 4
371 474 4
371 480 3
371 485 1
371 487 2
371 488 4
371 494 2
371 496 3
371 497 4
371 499 4
371 506 2
371 510 4
371 520 4
371 527 3
371 550 3
371 553 3
371 559 4
371 566 3
371 568 3
371 571 4
371 577 4
371 588 4
371 596 4
371 598 4
371 603 3
371 627 3
371 633 2
371 645 4
371 648 1
371 649 3
371 651 4
371 655 3
371 658 2
371 660 2
371 679 3
371 694 3
371 699 4
371 704 3
371 705 1
371 709 4
371 715 2
371 724 4
371 727 2
371 729 2
371 732 2
371 746 2
371 747 4
371 748 2
371 756 4
371 778 3
371 828 3
371 842 4
371 843 2
371 849 4
371 941 3
371 946 3
371 949 4
372 1 3
372 2 2
372 5 4
372 7 2
372 9 4
372 11 3
372 15 3
372 17 4
372 23 4
372 24 4
372 28 3
372 29 4
372 39 2
372 48 4
372 50 4
372 56 4
372 64 4
372 66 4
372 68 3
372 69 2
372 70 4
372 71 3
372 77 3
372 89 2
372 95 3
372 97 2
372 98 4
372 100 3
372 106 4
372 111 4
372 116 2
372 118 3
372 120 2
372 121 4
372 122 4
372 123 4
372 124 4
372 125 4
372 126 2
372 127 4
372 129 4
372 135 2
372 143 4
372 144 4
372 147 3
372 148 3
372 150 3
372 151 2
372 156 4
372 159 4
372 161 4
372 162 4
372 168 4
372 172 2
372 173 3
372 174 4
372 176 2
372 185 3
372 186 3
372 192 2
372 195 3
372 197 2
372 200 1
372 202 4
372 204 3
372 210 2
372 216 2
372 218 2
372 222 3
372 223 3
372 225 2
372 226 4
372 228 2
372 229 4
372 230 4
372 231 4
372 233 3
372 234 4
372 235 3
372 237 4
372 240 2
372 247 2
372 248 4
372 252 4
372 254 4
372 257 4
372 265 4
372 279 3
372 280 4
372 282 4
372 284 2
372 289 2
372 291 3
372 310 2
372 322 2
372 323 3
372 356 3
372 363 4
372 369 2
372 385 4
372 393 4
372 403 4
372 405 4
372 412 4
372 423 4
372 424 4
372 427 2
372 449 2
372 450 4
372 454 4
372 458 4
372 463 4
372 465 4
372 466 2
372 467 4
372 468 3
372 475 3
372 476 3
372 483 4
372 521 4
372 527 3
372 540 1
372 544 2
372 550 4
372 552 2
372 554 3
372 558 4
372 566 4
372 568 2
372 572 4
372 576 4
372 581 3
372 591 3
372 619 3
372 620 4
372 628 3
372 637 3
372 642 4
372 651 4
372 665 4
372 685 4
372 692 4
372 696 3
372 717 3
372 741 2
372 742 4
372 743 1
372 756 3
372 758 4
372 761 3
372 762 2
372 763 2
372 770 3
372 789 3
372 815 4
372 819 3
372 820 1
372 824 4
372 832 2
372 844 4
372 845 2
372 846 2
372 872 2
372 880 2
372 924 4
372 928 2
372 930 4
372 931 3
372 932 3
372 934 4
372 948 2
372 952 4
372 974 3
372 975 3
372 977 4
372 978 3
372 979 3
372 986 3
373 5 3
373 39 2
373 77 4
373 176 2
373 183 4
373 185 3
373 218 3
373 233 4
373 288 4
373 300 4
373 443 3
373 583 4
373 684 2
373 761 4
374 11 3
374 14 2
374 98 4
374 154 2
374 181 4
374 197 3
374 198 3
374 223 4
374 237 4
374 246 4
374 268 3
374 274 4
374 275 2
374 289 4
374 301 4
374 603 4
374 762 4
375 56 3
375 98 2
375 100 4
375 164 2
375 168 4
375 173 3
375 194 3
375 219 4
375 234 4
375 258 4
375 268 3
375 288 4
375 313 2
375 316 4
375 323 4
375 354 4
375 443 4
375 508 4
375 895 3
376 1 3
376 2 2
376 4 4
376 5 2
376 7 4
376 8 3
376 9 3
376 10 4
376 11 4
376 12 4
376 13 3
376 14 4
376 15 2
376 21 4
376 22 4
376 28 4
376 29 4
376 31 4
376 40 3
376 42 2
376 43 4
376 48 3
376 49 3
376 50 2
376 52 3
376 53 2
376 54 4
376 58 3
376 59 4
376 62 4
376 63 2
376 65 3
376 66 2
376 68 4
376 70 4
376 73 4
376 77 4
376 79 4
376 86 2
376 87 4
376 88 4
376 89 2
376 91 4
376 94 4
376 95 3
376 99 3
376 100 3
376 106 2
376 110 4
376 111 4
376 117 4
376 121 4
376 123 4
376 125 2
376 126 3
376 132 4
376 133 2
376 135 3
376 141 3
376 143 2
376 144 3
376 148 2
376 151 1
376 153 4
376 155 3
376 157 2
376 159 2
376 161 2
376 162 3
376 167 3
376 172 2
376 173 4
376 174 2
376 175 4
376 176 4
376 179 4
376 180 3
376 181 4
376 182 3
376 186 4
376 191 2
376 194 2
376 195 4
376 196 4
376 197 4
376 200 4
376 202 4
376 203 3
376 207 4
376 210 4
376 213 2
376 215 2
376 217 3
376 218 2
376 220 2
376 222 3
376 223 3
376 226 4
376 227 2
376 230 4
376 233 4
376 234 4
376 235 4
376 237 4
376 239 4
376 241 4
376 245 2
376 248 2
376 252 4
376 254 4
376 255 4
376 257 4
376 258 4
376 269 2
376 272 4
376 273 3
376 274 3
376 275 3
376 276 4
376 277 4
376 280 3
376 281 1
376 282 2
376 283 4
376 284 2
376 285 3
376 286 4
376 288 4
376 289 2
376 294 4
376 295 4
376 298 3
376 300 3
376 301 3
376 302 4
376 304 3
376 317 3
376 318 4
376 319 4
376 321 4
376 326 4
376 328 4
376 356 3
376 365 3
376 367 2
376 380 4
376 381 1
376 382 3
376 385 4
376 386 3
376 387 2
376 392 2
376 393 3
376 396 3
376 401 4
376 403 3
376 404 1
376 405 4
376 409 2
376 410 4
376 411 2
376 417 2
376 418 2
376 419 2
376 420 4
376 423 2
376 432 4
376 435 3
376 447 3
376 449 4
376 450 2
376 451 4
376 458 3
376 465 3
376 469 4
376 471 3
376 476 3
376 479 3
376 482 4
376 485 4
376 496 4
376 500 4
376 501 4
376 508 2
376 509 3
376 517 3
376 527 4
376 528 4
376 542 3
376 546 2
376 549 4
376 554 4
376 559 3
376 566 3
376 568 3
376 572 4
376 575 4
376 576 2
376 582 2
376 591 2
376 596 3
376 597 3
376 619 3
376 620 3
376 623 3
376 629 2
376 631 4
376 632 2
376 635 3
376 636 3
376 651 4
376 655 3
376 663 3
376 665 2
376 674 3
376 686 4
376 692 2
376 693 2
376 694 4
376 702 2
376 703 2
376 707 4
376 708 3
376 709 4
376 715 1
376 716 2
376 720 3
376 722 4
376 724 2
376 727 3
376 729 1
376 731 4
376 732 2
376 734 3
376 736 2
376 742 4
376 744 4
376 747 4
376 755 2
376 756 4
376 762 3
376 768 4
376 778 3
376 780 2
376 787 3
376 792 4
376 793 4
376 796 2
376 806 4
376 807 2
376 845 3
376 866 2
376 875 2
376 896 1
376 918 3
376 921 4
376 924 3
376 926 4
376 928 3
376 930 2
376 939 3
376 942 3
376 951 4
376 959 2
376 961 2
376 969 2
376 972 4
376 977 3
376 979 4
377 1 3
377 2 2
377 4 4
377 8 2
377 9 4
377 12 3
377 23 3
377 50 4
377 52 4
377 54 4
377 56 3
377 62 4
377 63 2
377 64 4
377 69 4
377 79 4
377 82 4
377 83 4
377 88 3
377 89 2
377 90 4
377 93 3
377 96 3
377 98 2
377 100 3
377 116 2
377 124 4
377 131 3
377 133 4
377 135 4
377 141 2
377 144 3
377 152 2
377 153 4
377 157 4
377 158 4
377 161 4
377 163 4
377 164 2
377 168 4
377 172 4
377 173 2
377 176 4
377 177 4
377 178 3
377 179 3
377 183 3
377 186 2
377 188 4
377 191 4
377 192 4
377 193 4
377 194 4
377 195 2
377 196 3
377 200 4
377 202 2
377 203 3
377 204 3
377 205 2
377 208 3
377 210 2
377 211 1
377 216 4
377 219 3
377 227 2
377 230 2
377 233 2
377 238 3
377 239 3
377 257 2
377 270 4
377 271 2
377 284 4
377 285 4
377 294 4
377 300 3
377 306 4
377 310 3
377 331 4
377 339 2
377 357 2
377 372 4
377 381 4
377 383 4
377 385 4
377 391 4
377 393 3
377 395 4
377 401 4
377 402 2
377 405 2
377 414 3
377 417 2
377 419 2
377 427 3
377 428 3
377 434 4
377 436 2
377 443 4
377 447 4
377 448 4
377 451 4
377 452 4
377 461 4
377 480 4
377 496 2
377 504 2
377 511 4
377 514 4
377 516 4
377 517 4
377 520 4
377 522 2
377 523 4
377 527 3
377 528 3
377 529 3
377 530 4
377 554 4
377 559 3
377 563 1
377 566 2
377 568 4
377 575 2
377 576 3
377 603 4
377 616 4
377 622 2
377 636 4
377 637 4
377 644 3
377 649 3
377 651 3
377 655 4
377 659 3
377 674 3
377 684 4
377 686 4
377 701 4
377 704 4
377 705 4
377 710 3
377 712 3
377 729 2
377 732 4
377 735 1
377 736 3
377 746 4
377 842 3
377 855 2
378 1 3
378 7 2
378 12 3
378 22 2
378 28 3
378 31 3
378 38 3
378 58 4
378 59 4
378 60 3
378 61 3
378 62 4
378 64 2
378 69 4
378 71 4
378 81 3
378 95 3
378 98 3
378 100 3
378 109 2
378 114 3
378 118 3
378 121 3
378 132 2
378 134 3
378 139 2
378 152 3
378 154 3
378 161 3
378 163 3
378 168 2
378 170 3
378 172 2
378 176 3
378 177 3
378 180 3
378 181 3
378 183 3
378 185 2
378 186 3
378 190 3
378 194 2
378 197 3
378 208 3
378 213 3
378 215 3
378 217 3
378 222 2
378 228 3
378 229 4
378 238 3
378 241 3
378 258 3
378 265 2
378 270 3
378 306 4
378 313 2
378 315 3
378 340 3
378 356 2
378 357 3
378 382 2
378 414 1
378 416 4
378 419 3
378 423 2
378 425 2
378 427 2
378 428 3
378 435 3
378 443 2
378 449 3
378 462 2
378 463 3
378 465 3
378 474 3
378 479 3
378 483 3
378 502 3
378 506 3
378 512 2
378 515 2
378 518 4
378 521 3
378 527 3
378 529 4
378 530 4
378 549 3
378 561 4
378 566 3
378 570 2
378 573 2
378 582 3
378 587 2
378 614 2
378 629 3
378 630 3
378 631 4
378 651 2
378 652 4
378 654 3
378 663 3
378 664 3
378 665 3
378 670 3
378 684 3
378 699 2
378 708 2
378 712 3
378 729 3
378 732 4
378 736 3
378 744 3
378 750 2
378 751 3
378 753 3
378 770 3
378 856 3
378 923 3
378 956 3
378 959 3
379 1 3
379 13 2
379 14 4
379 15 2
379 16 4
379 20 3
379 30 3
379 50 4
379 59 4
379 77 4
379 79 3
379 83 4
379 89 2
379 94 4
379 95 4
379 97 4
379 99 4
379 100 4
379 102 3
379 121 2
379 129 4
379 132 3
379 133 3
379 134 2
379 135 3
379 139 2
379 150 4
379 151 3
379 175 4
379 178 4
379 191 2
379 212 3
379 214 2
379 216 4
379 217 4
379 228 4
379 259 4
379 276 4
379 281 2
379 294 4
379 303 4
379 304 2
379 318 4
379 344 4
379 378 3
379 418 3
379 443 3
379 459 2
379 462 4
379 473 4
379 479 4
379 485 4
379 487 4
379 493 2
379 495 3
379 498 4
379 501 2
379 509 3
379 517 3
379 525 2
379 526 3
379 529 2
379 582 1
379 607 4
379 631 3
379 634 2
379 640 2
379 647 2
379 652 3
379 656 3
379 657 2
379 660 4
379 673 2
379 682 4
379 693 4
379 705 4
379 724 3
379 742 4
379 771 3
379 778 4
379 855 2
379 887 2
379 898 4
379 914 4
379 931 4
379 934 4
379 961 4
379 995 3
380 7 3
380 9 2
380 23 4
380 50 2
380 56 4
380 98 3
380 100 3
380 122 4
380 127 4
380 134 4
380 135 3
380 137 4
380 150 2
380 171 4
380 177 4
380 180 4
380 183 4
380 258 4
380 276 3
380 290 2
380 332 4
380 475 3
380 481 3
380 482 2
380 507 3
380 508 2
380 531 4
380 717 3
381 14 3
381 19 2
381 58 5
381 81 2
381 86 5
381 89 3
381 100 3
381 134 4
381 135 4
381 137 5
381 180 3
381 193 4
381 197 2
381 203 4
381 205 4
381 223 5
381 237 5
381 238 5
381 268 3
381 272 2
381 285 5
381 302 3
381 315 3
381 319 2
381 321 3
381 345 2
381 357 5
381 425 3
381 427 5
381 435 5
381 464 2
381 474 3
381 475 2
381 478 5
381 479 5
381 480 5
381 483 5
381 484 5
381 496 2
381 505 5
381 514 5
381 531 2
381 603 5
381 639 5
381 641 3
381 657 3
382 272 3
382 289 2
382 302 4
382 316 2
382 327 4
382 343 3
382 355 3
382 751 4
382 989 4
383 4 3
383 8 2
383 12 3
383 18 2
383 24 3
383 29 3
383 32 3
383 37 4
383 42 4
383 47 3
383 48 3
383 50 4
383 53 2
383 56 4
383 58 4
383 59 3
383 61 3
383 79 3
383 81 3
383 82 2
383 87 3
383 89 3
383 93 3
383 98 2
383 99 3
383 111 2
383 114 3
383 122 3
383 127 3
383 128 3
383 129 2
383 131 3
383 133 2
383 134 3
383 135 3
383 136 3
383 143 3
383 144 3
383 145 2
383 151 3
383 152 3
383 153 2
383 168 3
383 169 3
383 171 3
383 172 3
383 173 3
383 174 2
383 175 3
383 177 4
383 180 3
383 181 3
383 183 3
383 186 2
383 187 3
383 189 4
383 191 2
383 192 3
383 194 3
383 195 2
383 199 3
383 200 2
383 207 1
383 208 4
383 209 3
383 211 2
383 216 2
383 217 2
383 218 3
383 219 3
383 221 2
383 224 3
383 235 2
383 236 3
383 238 3
383 249 3
383 250 3
383 253 3
383 254 3
383 256 3
383 257 2
383 262 2
383 273 4
383 276 3
383 283 3
383 285 4
383 286 4
383 290 3
383 293 4
383 304 3
383 305 2
383 318 2
383 320 3
383 325 2
383 337 2
383 340 3
383 346 3
383 347 4
383 367 2
383 383 4
383 385 3
383 403 3
383 405 3
383 408 3
383 417 3
383 419 3
383 423 2
383 425 2
383 427 3
383 428 3
383 429 4
383 430 3
383 433 3
383 435 2
383 443 3
383 447 3
383 451 3
383 455 3
383 458 3
383 461 3
383 462 3
383 473 1
383 474 2
383 479 4
383 480 2
383 482 3
383 483 4
383 485 3
383 486 2
383 487 3
383 489 3
383 492 3
383 496 3
383 498 3
383 500 4
383 502 3
383 503 3
383 506 3
383 507 3
383 508 3
383 511 3
383 512 3
383 520 3
383 521 3
383 523 2
383 524 3
383 525 1
383 526 3
383 529 3
383 557 3
383 603 2
383 604 2
383 606 3
383 616 3
383 631 3
383 650 3
383 652 1
383 653 3
383 654 2
383 657 3
383 658 2
383 659 2
383 661 2
383 663 2
383 664 4
383 673 2
383 674 3
383 675 3
383 705 3
383 719 3
383 727 2
383 732 4
383 739 3
383 745 3
383 794 4
383 851 3
383 855 3
383 865 3
383 871 4
383 896 4
383 900 4
383 919 4
383 922 4
383 940 2
383 942 3
383 945 3
383 959 4
383 961 3
383 965 3
384 24 3
384 50 2
384 121 4
384 222 2
384 273 4
384 455 3
384 685 3
384 825 4
384 833 4
384 840 4
385 2 3
385 4 2
385 7 3
385 8 2
385 10 3
385 11 3
385 13 3
385 20 4
385 22 4
385 23 3
385 24 3
385 27 4
385 31 2
385 32 4
385 33 4
385 39 3
385 47 3
385 48 3
385 50 3
385 52 2
385 55 3
385 56 3
385 58 3
385 61 2
385 62 3
385 64 2
385 68 3
385 71 3
385 76 3
385 79 3
385 81 2
385 82 3
385 83 2
385 89 3
385 91 3
385 92 3
385 93 3
385 96 3
385 97 2
385 98 3
385 99 3
385 101 2
385 102 3
385 113 3
385 114 3
385 116 3
385 117 3
385 121 2
385 123 3
385 127 4
385 129 3
385 133 3
385 135 3
385 136 2
385 144 3
385 147 4
385 151 2
385 152 3
385 156 3
385 161 2
385 168 3
385 169 2
385 176 1
385 180 4
385 181 3
385 182 2
385 183 2
385 184 2
385 186 3
385 187 3
385 189 2
385 190 3
385 192 2
385 193 3
385 194 3
385 195 3
385 196 3
385 197 3
385 198 3
385 200 3
385 201 2
385 202 2
385 203 4
385 205 3
385 206 3
385 208 4
385 209 4
385 210 3
385 211 4
385 215 3
385 217 2
385 218 2
385 219 3
385 222 2
385 223 2
385 224 3
385 226 3
385 228 4
385 229 2
385 230 4
385 231 3
385 233 3
385 238 3
385 241 3
385 246 3
385 248 3
385 250 2
385 258 2
385 265 3
385 268 3
385 273 4
385 277 3
385 288 3
385 289 2
385 293 3
385 294 3
385 295 3
385 298 3
385 317 3
385 318 3
385 319 3
385 320 1
385 321 2
385 325 4
385 333 2
385 357 3
385 380 4
385 381 3
385 385 2
385 393 3
385 403 3
385 410 3
385 414 3
385 418 3
385 423 4
385 428 3
385 429 3
385 430 3
385 431 3
385 432 3
385 435 3
385 436 3
385 441 3
385 444 3
385 446 2
385 447 3
385 448 1
385 455 3
385 458 3
385 461 3
385 463 2
385 473 2
385 474 3
385 475 3
385 477 3
385 488 3
385 496 1
385 508 3
385 511 2
385 514 3
385 515 2
385 520 2
385 526 2
385 528 2
385 547 4
385 549 2
385 558 3
385 559 3
385 561 3
385 564 3
385 566 2
385 569 4
385 578 3
385 580 3
385 582 4
385 583 3
385 593 3
385 603 3
385 619 4
385 625 4
385 642 4
385 650 4
385 651 4
385 659 2
385 663 3
385 672 3
385 674 4
385 678 3
385 679 3
385 684 2
385 692 4
385 693 4
385 697 3
385 715 3
385 732 3
385 735 4
385 737 4
385 742 2
385 744 2
385 768 2
385 769 3
385 772 3
385 773 3
385 774 3
385 789 3
385 790 2
385 806 3
385 844 2
385 845 3
385 854 3
385 856 4
385 919 3
385 942 3
385 943 2
385 952 3
385 969 4
385 972 2
385 984 2
386 5 3
386 56 2
386 100 4
386 111 2
386 117 4
386 147 3
386 184 3
386 237 4
386 259 4
386 288 4
386 298 3
386 307 4
386 310 2
386 315 4
386 323 4
386 326 4
386 333 4
386 508 4
386 569 3
386 591 2
386 628 4
386 678 3
386 680 3
386 682 2
386 690 3
386 742 2
386 769 4
386 773 3
386 816 4
386 845 4
386 871 2
386 895 3
387 4 3
387 8 2
387 23 4
387 25 2
387 28 4
387 29 3
387 38 3
387 40 4
387 42 4
387 47 4
387 50 3
387 53 4
387 56 2
387 58 4
387 59 4
387 64 4
387 65 4
387 66 4
387 69 3
387 72 2
387 77 4
387 79 3
387 80 3
387 82 2
387 88 3
387 90 2
387 94 4
387 95 3
387 98 4
387 99 4
387 100 2
387 105 3
387 109 2
387 111 4
387 118 4
387 127 4
387 131 4
387 132 4
387 136 2
387 142 4
387 151 4
387 152 2
387 153 4
387 154 4
387 159 3
387 160 3
387 167 3
387 168 2
387 172 4
387 173 4
387 174 4
387 176 4
387 178 4
387 179 2
387 181 3
387 185 4
387 186 2
387 191 3
387 194 3
387 197 2
387 202 3
387 204 2
387 205 1
387 208 4
387 210 3
387 211 2
387 216 2
387 217 2
387 234 3
387 238 3
387 249 2
387 275 4
387 283 2
387 285 4
387 300 4
387 301 4
387 346 3
387 378 4
387 383 3
387 384 4
387 393 2
387 395 2
387 396 4
387 401 4
387 404 4
387 407 4
387 410 4
387 411 3
387 414 4
387 416 4
387 420 2
387 423 2
387 428 3
387 429 2
387 435 2
387 451 3
387 454 3
387 467 4
387 471 2
387 474 4
387 475 4
387 477 4
387 478 4
387 479 4
387 480 4
387 481 4
387 483 2
387 484 2
387 490 4
387 491 4
387 492 4
387 493 4
387 497 4
387 498 2
387 499 4
387 501 3
387 502 3
387 503 3
387 504 4
387 506 4
387 507 3
387 509 1
387 510 2
387 514 4
387 517 2
387 518 3
387 519 4
387 520 4
387 525 2
387 526 4
387 550 4
387 558 3
387 568 3
387 583 3
387 584 4
387 588 3
387 591 3
387 602 4
387 604 4
387 605 4
387 607 4
387 610 4
387 612 3
387 613 3
387 615 2
387 616 4
387 630 1
387 631 3
387 642 4
387 649 3
387 656 2
387 657 2
387 661 3
387 662 3
387 671 4
387 674 3
387 693 1
387 699 4
387 700 2
387 705 4
387 712 2
387 715 2
387 731 2
387 732 2
387 736 4
387 739 2
387 756 4
387 763 3
387 778 3
387 780 4
387 785 2
387 792 4
387 820 3
387 824 3
387 835 4
387 836 3
387 845 3
387 847 3
387 923 4
387 926 4
387 942 4
387 945 4
387 954 4
387 997 2
388 1 3
388 9 2
388 13 4
388 126 2
388 258 4
388 275 3
388 302 3
388 304 4
388 319 4
388 328 4
388 329 3
388 331 4
388 740 2
388 742 4
388 845 4
388 989 4
389 9 3
389 11 2
389 12 4
389 15 2
389 22 4
389 31 3
389 47 3
389 48 4
389 56 4
389 58 4
389 59 3
389 60 4
389 64 2
389 69 4
389 71 4
389 76 4
389 89 4
389 97 4
389 100 3
389 127 2
389 132 4
389 134 3
389 148 3
389 168 2
389 173 3
389 182 2
389 188 4
389 191 3
389 195 4
389 197 4
389 200 2
389 203 3
389 204 2
389 205 4
389 213 4
389 215 4
389 222 4
389 234 4
389 237 2
389 238 4
389 258 4
389 264 2
389 276 4
389 282 4
389 286 3
389 288 3
389 294 3
389 300 2
389 318 4
389 334 4
389 357 4
389 421 4
389 458 4
389 460 2
389 471 3
389 474 4
389 479 2
389 480 3
389 482 3
389 490 2
389 491 3
389 498 2
389 504 1
389 507 4
389 508 3
389 510 2
389 511 2
389 527 2
389 530 3
389 544 3
389 546 2
389 603 4
389 604 2
389 628 4
389 646 4
389 659 4
389 661 3
389 678 4
389 748 3
389 772 4
389 774 2
389 963 2
390 8 3
390 23 2
390 58 4
390 59 2
390 99 4
390 114 3
390 129 3
390 166 4
390 169 4
390 170 4
390 172 3
390 173 4
390 178 2
390 179 4
390 180 4
390 181 4
390 189 4
390 191 4
390 197 3
390 199 2
390 200 4
390 209 3
390 244 3
390 248 2
390 249 3
390 250 2
390 255 4
390 257 3
390 260 4
390 268 4
390 270 2
390 271 3
390 272 2
390 276 4
390 285 4
390 288 4
390 289 4
390 293 4
390 294 2
390 297 4
390 300 4
390 302 2
390 303 4
390 304 4
390 310 3
390 312 3
390 313 3
390 319 2
390 321 4
390 323 4
390 324 4
390 325 4
390 328 4
390 333 2
390 340 3
390 344 4
390 345 2
390 346 3
390 347 3
390 463 2
390 482 3
390 491 2
390 492 1
390 493 4
390 511 3
390 515 2
390 534 2
390 538 2
390 615 3
390 632 3
390 650 2
390 663 4
390 705 2
390 813 4
390 847 4
390 872 4
390 873 3
390 880 4
391 2 3
391 3 2
391 4 4
391 5 2
391 7 4
391 11 3
391 12 3
391 15 4
391 17 4
391 21 4
391 22 3
391 24 4
391 25 2
391 26 4
391 27 4
391 28 4
391 29 4
391 31 4
391 36 3
391 38 2
391 40 4
391 41 3
391 42 3
391 48 2
391 49 3
391 50 2
391 51 4
391 54 3
391 55 4
391 56 4
391 58 2
391 62 3
391 64 2
391 65 4
391 67 4
391 68 4
391 69 4
391 70 4
391 71 2
391 73 4
391 78 4
391 79 2
391 81 4
391 83 4
391 84 3
391 85 3
391 86 3
391 87 2
391 88 4
391 90 4
391 94 4
391 95 4
391 99 4
391 100 2
391 105 3
391 108 4
391 109 2
391 110 3
391 111 3
391 117 2
391 118 3
391 122 2
391 123 1
391 126 4
391 128 3
391 132 2
391 135 2
391 136 2
391 138 3
391 139 3
391 142 2
391 144 4
391 147 2
391 148 4
391 153 4
391 154 4
391 161 3
391 168 4
391 169 3
391 172 4
391 173 2
391 181 2
391 184 4
391 186 4
391 189 4
391 191 4
391 194 4
391 196 3
391 202 4
391 203 4
391 204 2
391 206 2
391 215 3
391 222 2
391 223 2
391 227 3
391 228 3
391 233 4
391 237 2
391 239 4
391 240 4
391 241 4
391 243 4
391 245 4
391 252 4
391 255 4
391 257 2
391 258 2
391 265 4
391 270 4
391 271 4
391 273 4
391 274 4
391 275 2
391 278 4
391 280 3
391 281 3
391 283 3
391 290 4
391 291 4
391 294 3
391 298 1
391 303 2
391 313 4
391 316 2
391 317 3
391 318 4
391 321 4
391 323 2
391 328 4
391 333 4
391 338 3
391 342 3
391 344 3
391 347 4
391 354 3
391 355 3
391 356 4
391 357 4
391 362 4
391 363 4
391 364 4
391 365 3
391 366 3
391 369 2
391 373 4
391 374 1
391 376 3
391 377 4
391 378 3
391 380 2
391 385 2
391 386 3
391 391 3
391 393 4
391 394 3
391 396 1
391 403 4
391 404 2
391 405 4
391 409 2
391 410 2
391 412 2
391 415 2
391 417 4
391 418 2
391 419 4
391 420 3
391 421 3
391 423 4
391 431 2
391 443 4
391 456 3
391 465 3
391 470 4
391 471 3
391 472 3
391 473 3
391 476 4
391 477 4
391 479 4
391 480 4
391 496 4
391 497 2
391 500 3
391 501 3
391 527 4
391 538 4
391 539 3
391 540 2
391 544 4
391 546 4
391 550 3
391 552 3
391 553 3
391 554 4
391 559 4
391 561 2
391 566 2
391 568 2
391 569 3
391 571 3
391 576 3
391 578 3
391 588 3
391 591 2
391 596 4
391 597 2
391 622 3
391 623 3
391 628 4
391 630 3
391 633 3
391 636 2
391 644 3
391 651 4
391 655 2
391 659 2
391 672 4
391 681 2
391 683 2
391 685 4
391 686 3
391 687 4
391 690 1
391 692 2
391 696 3
391 705 4
391 710 2
391 715 3
391 717 1
391 721 4
391 722 2
391 725 3
391 727 2
391 728 4
391 731 4
391 737 4
391 739 2
391 742 4
391 747 3
391 751 4
391 755 3
391 756 2
391 761 3
391 763 4
391 771 4
391 775 2
391 778 4
391 779 2
391 780 3
391 781 2
391 783 2
391 789 1
391 792 3
391 794 4
391 797 3
391 802 4
391 805 3
391 808 2
391 810 3
391 812 3
391 815 4
391 821 2
391 824 2
391 825 2
391 826 4
391 831 3
391 836 4
391 840 3
391 841 3
391 842 4
391 843 3
391 845 2
391 870 3
391 871 4
391 876 4
391 879 4
391 890 2
391 905 1
391 922 4
391 929 2
391 930 2
391 932 2
391 939 4
391 940 4
391 944 3
391 949 3
391 951 3
391 953 2
391 964 2
391 977 4
391 996 2
391 997 3
391 999 4
391 1000 4
392 1 3
392 7 2
392 28 4
392 31 2
392 38 4
392 39 3
392 42 3
392 56 4
392 63 4
392 68 4
392 72 3
392 73 4
392 79 2
392 84 4
392 88 4
392 96 4
392 97 4
392 98 4
392 101 3
392 117 2
392 121 4
392 128 3
392 132 3
392 144 2
392 154 3
392 156 2
392 158 4
392 161 3
392 164 4
392 172 4
392 174 2
392 179 3
392 181 2
392 184 4
392 195 4
392 208 4
392 210 4
392 216 4
392 217 2
392 218 4
392 222 4
392 226 2
392 227 4
392 229 4
392 230 3
392 232 3
392 233 3
392 238 2
392 250 4
392 257 4
392 265 4
392 282 4
392 288 4
392 313 2
392 364 3
392 383 4
392 385 2
392 386 3
392 411 3
392 416 2
392 419 3
392 423 2
392 433 1
392 449 4
392 450 3
392 455 2
392 496 2
392 508 2
392 540 3
392 541 3
392 550 2
392 552 4
392 554 2
392 559 4
392 561 4
392 568 4
392 576 3
392 578 4
392 597 3
392 655 4
392 658 2
392 665 2
392 679 4
392 746 4
392 763 4
392 771 4
392 773 4
392 780 3
392 797 4
392 802 4
392 979 2
393 1 3
393 50 2
393 64 4
393 89 2
393 97 4
393 98 3
393 100 3
393 121 4
393 151 4
393 154 4
393 174 3
393 186 4
393 196 2
393 210 4
393 216 4
393 237 4
393 252 4
393 255 4
393 257 3
393 273 2
393 313 4
393 315 3
393 328 3
393 342 2
393 343 3
393 423 2
393 458 4
393 472 3
393 632 4
393 739 4
393 892 2
393 924 3
394 1 3
394 9 2
394 25 4
394 100 2
394 106 4
394 117 3
394 121 3
394 125 4
394 222 4
394 237 4
394 245 3
394 260 4
394 274 2
394 291 4
394 300 4
394 322 4
394 328 4
394 329 4
394 333 3
394 405 2
394 455 4
394 471 3
394 591 3
394 619 2
394 678 3
394 717 2
394 751 4
394 840 3
394 930 4
394 977 4
394 986 2
395 7 3
395 8 2
395 23 4
395 56 2
395 95 4
395 100 3
395 108 3
395 109 4
395 117 4
395 127 4
395 134 3
395 135 4
395 156 2
395 171 4
395 172 4
395 174 4
395 177 4
395 178 4
395 181 3
395 183 2
395 192 4
395 194 3
395 197 3
395 210 2
395 221 3
395 223 2
395 261 4
395 268 3
395 286 4
395 288 4
395 302 2
395 313 3
395 318 2
395 322 4
395 324 4
395 325 4
395 327 4
395 334 4
395 338 2
395 340 4
395 345 4
395 346 2
395 390 4
395 423 4
395 457 3
395 475 3
395 479 3
395 483 2
395 498 4
395 513 4
395 588 4
395 615 4
395 641 4
395 657 2
395 680 3
395 705 4
395 748 2
395 751 3
395 853 3
395 855 2
395 878 3
395 894 2
395 896 1
395 988 4
395 989 3
395 991 2
396 4 3
396 12 2
396 13 4
396 15 2
396 25 4
396 28 3
396 31 3
396 47 4
396 49 4
396 50 4
396 56 3
396 58 4
396 63 2
396 64 4
396 65 4
396 66 4
396 69 4
396 70 4
396 72 3
396 73 2
396 82 4
396 85 3
396 88 3
396 94 2
396 95 3
396 117 2
396 124 4
396 125 3
396 126 4
396 127 4
396 144 2
396 152 3
396 154 2
396 159 4
396 162 4
396 163 4
396 167 4
396 168 4
396 172 2
396 173 4
396 174 4
396 178 2
396 181 4
396 182 4
396 183 3
396 186 3
396 191 3
396 194 2
396 196 4
396 197 4
396 199 4
396 202 4
396 203 4
396 204 2
396 205 3
396 211 4
396 216 2
396 227 3
396 228 3
396 229 2
396 230 3
396 234 2
396 235 1
396 239 4
396 274 3
396 276 2
396 284 2
396 357 2
396 385 3
396 393 3
396 399 2
396 403 4
396 414 2
396 417 4
396 423 4
396 429 4
396 430 3
396 432 4
396 435 3
396 474 4
396 476 2
396 479 2
396 480 4
396 481 4
396 485 4
396 491 4
396 493 4
396 494 3
396 495 4
396 496 4
396 497 2
396 498 2
396 501 3
396 502 2
396 504 2
396 510 3
396 514 3
396 519 4
396 520 2
396 521 4
396 525 4
396 588 4
396 589 4
396 591 4
396 602 4
396 648 4
396 654 2
396 663 2
396 692 4
396 700 4
396 710 4
396 715 4
396 732 4
396 735 2
396 737 4
396 756 3
396 796 3
396 953 3
396 969 4
396 991 4
396 993 3
397 2 3
397 5 2
397 8 3
397 9 2
397 15 3
397 22 3
397 26 3
397 31 4
397 33 4
397 38 3
397 41 3
397 42 4
397 48 2
397 53 4
397 55 4
397 56 3
397 57 3
397 58 3
397 62 3
397 63 2
397 66 3
397 67 3
397 68 3
397 69 2
397 71 3
397 72 2
397 73 3
397 77 3
397 79 3
397 80 3
397 84 2
397 91 3
397 94 2
397 95 3
397 97 3
397 98 3
397 99 3
397 102 3
397 110 2
397 114 3
397 117 3
397 118 2
397 121 3
397 127 3
397 128 3
397 132 3
397 140 3
397 143 2
397 144 3
397 147 4
397 148 3
397 153 3
397 154 3
397 155 2
397 156 3
397 157 4
397 161 2
397 164 3
397 172 3
397 173 2
397 174 3
397 175 2
397 179 1
397 180 4
397 181 3
397 186 2
397 187 2
397 188 2
397 195 3
397 196 3
397 203 2
397 204 3
397 210 2
397 214 3
397 215 3
397 219 3
397 223 3
397 226 3
397 227 3
397 228 3
397 229 2
397 230 2
397 231 4
397 233 3
397 234 3
397 237 4
397 238 4
397 239 3
397 241 4
397 264 3
397 265 2
397 268 2
397 273 3
397 274 2
397 276 2
397 282 3
397 284 3
397 288 4
397 289 2
397 291 4
397 295 3
397 301 3
397 307 3
397 318 3
397 323 3
397 332 3
397 338 2
397 340 2
397 364 3
397 372 3
397 378 4
397 382 3
397 383 3
397 384 2
397 385 3
397 386 3
397 388 3
397 389 3
397 393 3
397 399 3
397 400 3
397 401 1
397 402 2
397 403 4
397 405 2
397 407 3
397 412 4
397 413 3
397 418 2
397 420 3
397 423 3
397 431 3
397 432 3
397 436 3
397 444 4
397 450 3
397 451 3
397 452 3
397 454 3
397 455 3
397 459 3
397 470 3
397 471 3
397 475 3
397 486 2
397 496 3
397 501 1
397 506 3
397 508 3
397 527 3
397 531 2
397 542 2
397 543 3
397 544 3
397 546 3
397 549 3
397 550 1
397 551 3
397 554 2
397 559 3
397 564 2
397 566 2
397 568 2
397 575 2
397 576 4
397 578 2
397 582 3
397 587 3
397 588 3
397 591 3
397 597 2
397 616 4
397 622 3
397 628 3
397 633 4
397 651 3
397 655 3
397 673 3
397 679 4
397 684 4
397 693 4
397 697 4
397 710 4
397 720 2
397 722 3
397 727 3
397 732 4
397 735 3
397 738 3
397 742 2
397 744 4
397 747 4
397 754 3
397 755 3
397 760 3
397 763 4
397 768 4
397 769 2
397 772 2
397 774 2
397 779 3
397 781 3
397 806 3
397 809 3
397 813 3
397 817 2
397 824 3
397 825 2
397 826 3
397 845 3
397 924 4
397 926 3
397 928 3
397 941 2
397 946 3
397 959 4
397 969 2
397 975 2
397 977 3
397 986 2
398 258 3
398 286 2
398 288 4
398 294 2
398 300 4
398 304 3
398 332 3
398 689 4
398 690 4
399 9 3
399 11 2
399 13 3
399 14 2
399 25 3
399 26 3
399 44 3
399 50 4
399 64 4
399 65 3
399 69 3
399 70 4
399 71 2
399 83 4
399 97 4
399 100 3
399 117 3
399 127 3
399 133 3
399 135 2
399 143 3
399 144 3
399 147 3
399 151 2
399 153 3
399 154 2
399 157 3
399 161 3
399 162 3
399 172 3
399 173 2
399 174 3
399 181 2
399 194 3
399 196 3
399 197 3
399 198 3
399 199 3
399 202 2
399 204 3
399 210 3
399 225 2
399 248 3
399 257 3
399 272 3
399 273 3
399 275 3
399 276 2
399 280 3
399 282 4
399 294 3
399 302 3
399 312 3
399 315 2
399 316 3
399 321 4
399 322 2
399 328 3
399 342 3
399 356 2
399 357 3
399 365 2
399 371 1
399 385 4
399 404 3
399 430 2
399 435 2
399 451 2
399 462 3
399 471 3
399 473 2
399 477 3
399 478 2
399 481 3
399 483 3
399 485 3
399 486 3
399 493 3
399 499 3
399 501 3
399 507 2
399 508 2
399 509 4
399 511 3
399 515 3
399 519 4
399 520 4
399 527 3
399 528 4
399 535 3
399 553 2
399 566 2
399 582 3
399 588 2
399 603 2
399 604 3
399 609 3
399 630 4
399 632 2
399 638 4
399 651 3
399 654 3
399 655 3
399 659 3
399 661 3
399 684 3
399 707 2
399 724 2
399 735 3
399 748 3
399 762 4
399 815 3
399 866 3
399 892 2
400 7 3
400 9 2
400 10 4
400 12 2
400 13 4
400 16 3
400 19 3
400 25 4
400 42 4
400 50 4
400 111 3
400 116 4
400 117 2
400 124 4
400 126 4
400 127 4
400 135 4
400 151 4
400 182 3
400 204 2
400 235 4
400 237 3
400 245 3
400 255 2
400 257 3
400 273 2
400 276 4
400 286 3
400 455 4
400 471 4
400 475 2
400 476 3
400 479 2
400 480 4
400 483 4
400 511 4
400 515 4
400 529 4
400 628 2
400 696 4
400 864 4
